559160
601077
603843
609501
620082
625022
629089
633448
635507
636171
636999
637539
643013
644278
644585
647339
649382
650141
652740
652927
654173
654911
655330
655658
656630
658351
658440
659702
660412
661743
662680
663568
663670
664382
664937
665052
667504
669209
671588
672489
673893
678827
679981
681446
682716
683116
683842
683864
684073
684297
684386
684446
685081
686910
689909
690102
690198
693825
694728
695109
695826
696226
697239
698719
700839
701065
701778
704145
705184
705195
705263
706320
706541
707335
708680
708793
709770
710869
712003
715039
717147
719472
719518
719695
720098
720372
720390
720591
720756
721061
721240
721648
722446
724017
724062
725137
725710
726775
727341
728409
729072
730400
731106
731780
732050
732354
732777
733834
734728
734840
735411
735756
735859
735895
736031
737514
737600
738098
738259
738607
739322
740105
740805
741660
742094
742182
742393
742842
743727
744845
745186
745658
747110
747676
748648
749785
750646
751009
751576
752092
752145
752849
753899
754026
754570
754575
754688
754824
754838
754990
755020
756095
757976
758828
759324
760457
760649
761090
761702
765304
765546
767878
767894
769361
769377
769551
770184
770401
770806
771425
772816
773158
775436
775687
775755
775889
776281
776777
776913
777203
777961
778009
779172
779604
780515
781037
781336
781568
783911
783911
784247
785322
785749
786134
786195
787508
787779
788496
789037
789165
789592
790666
791449
792335
792965
793707
793956
794767
796242
796649
796734
799000
799103
799301
800190
800357
800833
801037
801175
801495
801940
803842
805123
805335
806054
807047
807083
807993
808027
808295
808528
808980
809118
809253
809904
810311
810527
810587
810681
810912
811420
812538
812802
813586
813709
813841
814207
814425
815750
815816
815877
816179
816336
817312
817857
817859
818180
820141
820338
820341
820615
820730
820915
821030
821378
822534
822605
822709
822856
824143
824736
824779
825167
825805
826412
827201
827466
828118
828363
829348
829616
829834
830236
830996
831094
832597
832700
832745
833499
833747
833855
833894
834514
835011
835211
835685
837134
838442
838936
839171
840465
840849
841117
841365
841906
842633
842731
842835
843054
843293
843302
843477
844439
844593
844860
845097
845381
845501
846248
846513
847147
847190
847417
847691
849074
849679
850229
850484
850572
850644
850880
851680
851788
852454
852861
854036
854148
854711
854832
854851
856103
856433
856829
856988
858152
858763
859369
859481
859533
860326
860606
860713
861054
862023
862184
862629
862739
862983
863540
863949
864819
864912
865613
866125
866508
867855
868111
869228
869608
869932
870621
871222
872149
872597
872802
872943
873581
874131
874732
874908
875552
875790
875901
876046
876792
877162
877781
878038
878041
878376
878556
879358
879397
879541
880753
881114
881778
881859
881942
881965
882821
883085
884204
884778
884994
885136
885832
885854
886351
886664
887072
887122
887674
888136
888295
889550
889704
890225
890341
890434
890679
890912
891358
891633
891726
891819
892488
892522
892734
893468
894872
895213
895256
896061
896309
896339
896478
896561
896584
896785
898633
899458
899595
900543
900675
901526
902049
902309
902419
902945
902986
903098
903532
903544
903647
903869
904515
905171
905418
905799
906639
906687
907046
907125
907188
907328
907340
907638
907924
908421
908473
909112
909280
909458
909898
910194
910281
912982
913592
913931
914220
914636
914955
915616
916699
917249
917545
917841
918875
919127
919345
920668
921055
921164
921440
921446
921917
921990
922227
923208
924340
924688
924949
924994
925229
925298
925320
925562
925991
926289
926325
926522
926538
926858
927072
928076
928420
928736
928962
929219
929631
930015
930220
930897
931658
931922
932118
932510
932614
932727
932766
933050
933402
933476
933717
933889
934277
934309
934725
934867
935325
935477
936278
936695
937431
937441
937898
937920
938137
938463
938513
938639
938989
939735
940175
940358
941269
942015
942146
942295
942369
942594
942712
942981
943036
943294
943469
944069
944218
945312
945690
946005
946349
946652
946837
947368
947459
947719
947853
947866
949054
949608
949638
950850
951099
951396
951604
953117
955936
956109
956857
956899
957070
958271
958766
958964
958966
959169
959388
959391
959680
959805
959985
960371
960764
961387
961447
961635
962430
962444
962826
963094
963619
963966
964378
964711
965332
965349
965496
965511
965748
967753
968003
969539
969934
970018
970091
970092
970261
970757
970870
973747
974000
976008
976524
976615
976693
976958
977272
977547
977690
978736
979114
979429
979476
979672
980186
980330
981472
981783
982341
982766
982947
983726
983820
983920
984154
984394
984609
984663
985190
986659
987200
987649
987826
988664
989217
989408
991752
991994
992023
992281
992522
992890
993049
993891
994208
994461
994601
994856
995040
996281
997489
997554
997647
997700
997851
998995
999031
999062
999515
1001413
1003056
1003612
1003948
1004182
1004415
1004451
1005078
1005188
1005330
1005380
1006561
1007055
1007349
1008352
1009135
1009633
1009796
1010275
1010651
1011053
1011625
1012528
1013361
1013552
1013620
1014294
1014384
1014614
1015274
1016656
1017714
1017971
1018249
1018616
1018989
1019624
1019966
1020452
1020554
1023423
1024780
1024836
1027119
1027870
1028621
1028662
1028684
1029855
1029994
1030449
1031353
1032095
1032444
1032984
1033144
1033282
1033521
1033997
1034256
1034882
1035002
1036623
1038363
1038678
1039217
1039940
1040113
1040496
1040792
1041074
1042133
1042406
1042434
1042698
1042955
1043240
1043699
1043866
1043901
1044732
1044826
1045465
1045785
1047109
1047532
1047985
1048088
1048235
1048436
1048591
1048898
1049710
1049925
1050033
1050883
1051116
1051443
1051657
1051916
1052152
1052192
1052696
1054043
1054117
1054870
1055747
1055959
1056128
1056441
1056539
1057102
1059278
1060553
1060993
1061056
1061750
1062528
1062978
1063684
1063961
1064776
1064836
1064959
1065324
1065854
1066334
1067464
1067478
1067664
1068136
1068419
1068641
1069024
1069095
1070392
1070518
1071580
1071800
1072653
1074147
1074273
1074765
1074780
1075894
1076694
1077041
1077333
1077837
1078060
1078359
1078743
1079570
1080384
1080743
1081209
1081406
1081664
1081671
1081860
1082059
1082501
1082716
1084312
1085148
1085681
1085906
1085933
1085957
1086043
1086490
1086591
1087022
1087209
1087684
1088957
1089295
1090441
1090683
1090773
1091548
1091655
1092371
1092680
1093556
1094201
1094674
1095289
1096774
1097385
1097390
1097627
1098694
1099098
1099431
1099453
1099847
1100097
1100578
1100993
1101135
1102505
1102655
1102755
1104536
1104642
1105719
1107183
1107287
1107505
1107590
1108670
1109396
1109582
1109731
1109952
1110230
1110451
1110729
1110816
1110835
1111447
1111558
1112275
1112463
1112687
1114138
1114867
1115502
1116070
1116779
1117058
1117071
1117345
1117461
1117856
1117864
1118426
1118649
1118895
1119158
1119410
1119824
1120363
1121054
1121643
1121966
1122543
1122639
1123077
1123268
1123514
1123780
1124004
1124040
1124129
1124358
1124474
1126010
1126193
1126676
1126840
1127003
1127920
1128382
1128504
1128992
1129232
1130200
1132635
1132741
1133414
1134607
1134927
1134969
1136081
1136685
1136701
1136744
1137221
1137302
1138210
1139375
1140173
1140224
1140560
1140570
1140719
1140734
1141771
1142663
1143400
1143482
1143526
1143566
1144449
1144493
1145003
1145500
1146544
1146552
1146700
1147879
1148276
1149072
1149260
1149288
1149953
1150153
1150320
1151487
1152694
1152793
1152847
1152856
1154521
1154701
1156495
1156525
1157372
1157557
1157850
1158148
1159608
1160130
1160882
1161316
1163004
1163577
1164259
1164395
1165252
1165899
1166054
1166380
1169769
1170985
1171191
1171948
1172166
1172310
1173214
1173244
1173291
1173397
1173411
1174313
1174363
1174463
1174852
1175579
1175753
1175943
1176163
1177841
1177935
1178626
1179088
1179841
1179842
1179864
1180198
1180823
1181406
1182074
1182456
1184183
1184772
1185232
1187164
1187311
1187830
1188134
1188890
1189328
1190120
1190772
1191261
1191853
1191926
1192420
1193431
1194529
1194572
1195027
1195210
1196006
1196715
1198712
1198863
1199020
1199042
1199296
1199421
1200439
1200594
1202205
1202919
1203228
1203853
1204285
1204986
1206416
1206729
1207430
1207534
1207888
1208116
1208947
1209233
1210379
1211020
1211416
1213863
1213969
1214623
1214834
1215539
1215559
1217288
1217383
1218234
1218532
1219213
1219327
1219743
1220121
1221001
1221271
1221955
1223041
1223271
1223590
1224199
1225122
1227093
1227645
1229502
1229813
1230037
1230587
1230792
1231448
1232045
1232380
1232462
1233390
1234096
1234284
1235882
1236335
1237584
1239226
1240864
1241448
1242204
1242821
1244807
1246608
1247469
1249261
1250944
1252692
1253235
1253649
1254464
1254577
1254599
1255099
1255912
1256845
1257123
1258125
1259440
1259507
1259534
1260306
1260819
1261806
1262064
1263198
1264273
1264562
1264773
1265138
1266000
1266271
1267237
1267441
1267493
1268072
1268184
1268609
1268646
1268816
1269374
1270311
1271288
1271736
1271821
1271876
1272434
1272857
1273093
1273210
1274334
1274479
1274735
1274787
1275205
1275608
1275747
1276431
1276659
1276668
1276707
1276830
1277027
1277375
1277464
1277520
1277646
1278210
1279170
1281539
1281865
1282162
1282238
1282281
1282733
1283617
1283630
1284078
1284341
1284508
1284785
1285283
1286695
1287118
1287333
1288460
1288827
1289148
1289479
1291160
1291174
1293854
1295755
1296250
1296738
1296903
1298306
1298495
1299744
1300045
1300081
1300128
1300767
1301323
1302070
1302505
1303359
1303684
1304209
1304493
1305315
1305458
1305958
1306173
1307080
1307368
1308137
1308295
1308304
1309112
1310296
1311582
1312462
1313135
1314366
1315444
1315828
1315834
1316612
1317366
1318032
1318883
1319870
1322614
1323345
1323628
1324874
1325670
1325878
1327326
1328222
1330770
1330954
1331913
1332162
1333042
1333170
1333398
1334630
1334716
1335229
1336173
1336717
1337706
1337845
1338513
1339954
1339993
1340184
1343202
1343519
1343754
1347310
1348723
1349702
1350040
1350841
1351707
1353901
1354068
1355482
1355550
1355565
1355797
1356021
1356713
1358721
1361424
1362264
1362444
1365220
1366065
1366124
1369225
1369946
1370884
1371526
1371935
1373379
1374123
1374693
1375725
1376511
1378521
1378965
1379189
1379193
1379251
1383322
1383888
1384600
1387257
1387552
1387973
1389084
1389883
1389930
1390816
1392218
1393069
1394245
1394296
1395382
1398849
1399368
1400919
1405271
1405380
1406191
1406621
1406958
1409149
1415418
1416025
1416784
1423510
1425155
1426360
1427879
1428495
1430378
1431357
1433742
1434355
1434623
1437517
1438328
1438516
1440865
1440969
1443865
1444811
1445141
1445286
1447407
1451300
1452531
1453938
1454277
1454790
1457518
1458311
1458933
1462074
1463124
1463800
1467644
1467734
1468405
1468426
1473989
1474376
1475215
1476062
1476298
1476384
1476598
1476664
1480518
1482077
1485640
1491626
1491778
1493041
1494244
1494544
1494936
1495744
1497134
1497229
1499364
1500851
1502293
1502478
1503440
1503753
1504035
1510447
1510789
1511766
1512222
1516956
1521438
1521851
1523051
1523577
1524505
1528414
1531393
1534992
1536499
1536556
1538563
1540277
1540606
1546932
1549732
1550356
1553434
1556213
1560869
1561253
1561560
1561958
1562378
1565024
1566009
1571178
1572658
1574979
1575141
1576840
1576990
1577115
1578098
1579684
1581347
1583466
1584130
1592605
1595553
1595728
1595838
1598817
1599668
1601753
1605290
1606181
1607969
1608715
1611154
1613037
1618294
1618795
1626402
1627928
1628343
1636887
1639244
1648804
1649152
1649232
1660727
1665299
1666058
1666744
1667398
1671566
1672498
1675175
1677649
1681927
1684855
1687388
1689991
1706208
1707235
1709264
1714785
1715796
1722881
1726168
1732236
1734209
1734923
1735972
1738660
1744208
1744239
1750839
1758131
1759009
1762690
1773570
1774459
1775650
1775737
1775765
1775826
1783810
1785876
1789888
1795731
1796405
1803581
1816533
1822232
1824826
1826169
1826865
1840128
1841252
1863714
1869946
1878270
1879230
1880279
1932272
1950882
1960008
2013148
2013890
2021132
2033984
2048344
2049742
2064826
2078520
2116008
2177465
2178862
2180299
2191935
2210451
2218141
2253605
2255431
2306003
2306502
2384817
2403716
2473034
2551992
2585325
3432175
3537625
4419448
