2138
2070
2044
2029
1988
1977
1976
1971
1968
1959
1906
1837
1808
1807
1800
1787
1774
1768
1742
1738
1726
1724
1717
1712
1708
1707
1704
1698
1695
1694
1693
1687
1685
1679
1676
1676
1676
1671
1669
1667
1664
1656
1648
1648
1647
1646
1644
1644
1644
1638
1636
1634
1628
1626.5
1626
1625
1621
1621
1619
1616
1612
1611
1609
1606
1603
1602
1601
1601
1597
1597
1596
1595
1594
1593
1591
1591
1591
1590
1588
1587
1587
1587
1586
1586
1585
1585
1584
1584
1582
1581
1581
1581
1581
1580
1580
1580
1580
1579
1579
1579
1578
1576
1576
1574
1574
1574
1572
1569
1565
1560
1559
1557
1548
1548
1535
1529
1527
1525
1525
1519
1511
1511
1510
1508
1507
1505
1504
1504
1503
1501
1500
1500
1500
1498
1497
1492
1491
1489
1488
1486
1486
1482
1479
1479
1478
1476
1475
1473
1471
1469
1469
1469
1467
1465
1464
1464
1464
1463
1463
1459
1458
1458
1458
1457
1456
1456
1455
1454
1454
1454
1453
1453
1453
1453
1452
1451
1451
1449
1449
1448.5
1448
1447
1447
1447
1444
1443
1441
1439
1439
1437
1435
1435
1434
1432
1432
1428
1428
1428
1427
1427
1426
1426
1426
1426
1426
1426
1425
1425
1425
1425
1425
1425
1425
1425
1424
1423
1423
1423
1423
1423
1423
1423
1423
1423
1423
1422
1422
1422
1422
1421
1421
1421
1419
1419
1419
1418
1418
1417
1416
1415
1415
1414
1414
1413
1413
1412
1410
1410
1409
1409
1409
1409
1408
1407
1407
1406
1406
1406
1404
1403
1403
1403
1401
1400
1399
1399
1399
1398
1398
1398
1397
1397
1397
1395
1395
1395
1394
1394
1393
1393
1392
1392
1392
1392
1392
1392
1392
1392
1391
1391
1390
1387
1387
1386
1384
1383
1382
1381
1378
1378
1376
1376
1376
1376
1375
1375
1375
1374
1374
1374
1374
1373
1373
1373
1373
1372
1372
1371
1371
1371
1371
1370
1368
1368
1368
1368
1366
1366
1366
1365
1363
1362
1361
1360
1360
1360
1359
1358
1358
1356
1356
1356
1355
1354
1354
1353
1353
1353
1352
1352
1352
1352
1352
1351
1351
1349
1348
1348
1348
1347
1346
1345
1345
1344
1343
1343
1342
1342
1342
1342
1339
1339
1339
1339
1338
1338
1337
1337
1336
1335
1334
1334
1334
1333
1333
1332
1332
1331
1331
1331
1329
1329
1329
1328
1326
1326
1325
1324
1324
1323
1323
1323
1322
1322
1321
1321
1320
1320
1320
1319
1319
1319
1318
1318
1318
1316
1316
1314
1314
1312
1312
1311
1311
1311
1311
1311
1310
1309
1309
1308
1308
1307
1307
1306
1306
1306
1306
1305
1305
1304
1304
1304
1304
1303
1303
1303
1302
1302
1302
1301
1301
1301
1301
1300
1300
1300
1299
1298
1298
1298
1298
1298
1298
1297
1296
1296
1296
1296
1295
1295
1294
1292
1292
1292
1292
1292
1291
1291
1291
1290
1290
1289
1289
1289
1289
1288
1288
1287
1286
1286
1285
1285
1285
1284
1283
1282
1281
1281
1281
1281
1280
1280
1279
1279
1279
1279
1278
1278
1277
1277
1277
1277
1276
1276
1276
1274
1274
1274
1273
1272
1272
1272
1271
1271
1270
1270
1270
1269
1268
1268
1268
1268
1267
1266
1266
1265
1265
1264
1264
1264
1264
1264
1263
1263
1262
1262
1262
1262
1261
1261
1260
1260
1259
1259
1258
1258
1258
1257
1257
1257
1257
1257
1256
1256
1255
1255
1254
1254
1254
1253
1253
1253
1253
1253
1253
1252
1252
1252
1251
1250
1249
1249
1249
1249
1249
1248
1248
1247
1247
1247
1246
1246
1246
1246
1245
1245
1245
1244
1244
1243
1243
1243
1242
1242
1241
1241
1240
1240
1240
1239
1238
1238
1238
1238
1237
1237
1237
1237
1236
1236
1236
1235
1235
1235
1234
1234
1234
1234
1234
1234
1233
1233
1233
1233
1233
1232
1232
1232
1232
1232
1231
1231
1231
1231
1231
1231
1230
1230
1230
1229
1229
1229
1228
1228
1228
1227
1226
1226
1226
1226
1226
1226
1226
1225
1225
1223
1222
1221
1221
1220
1220
1220
1219
1219
1218
1218
1218
1218
1218
1217
1217
1216
1216
1216
1216
1216
1216
1215
1215
1215
1215
1215
1214
1214
1213
1213
1213
1212
1212
1211
1211
1211
1211
1211
1211
1210
1210
1210
1210
1210
1210
1209.5
1209
1209
1209
1209
1209
1208
1208
1208
1208
1208
1207
1207
1207
1207
1207
1207
1206
1206
1206
1206
1206
1206
1206
1206
1205
1205
1204
1204
1204
1203
1203
1202
1202
1202
1202
1201
1201
1201
1201
1201
1200
1200
1200
1200
1200
1199
1199
1199
1199
1198
1198
1198
1197
1197
1197
1197
1197
1196
1196
1196
1195
1195
1195
1195
1195
1195
1195
1194
1194
1194
1194
1194
1194
1194
1193
1193
1191
1191
1191
1189
1189
1189
1189
1188
1188
1188
1187
1187
1187
1187
1187
1187
1186
1186
1186
1185
1184
1184
1184
1184
1184
1183
1183
1183
1183
1182
1181
1181
1181
1181
1180
1179
1179
1179
1178
1177
1177
1177
1176
1176
1176
1175
1175
1175
1175
1174
1174
1173
1173
1173
1173
1173
1172
1172
1172
1171
1171
1171
1171
1171
1169
1169
1169
1169
1169
1168
1168
1167
1167
1167
1167
1166
1166
1165
1165
1165
1165
1164
1164
1164
1164
1164
1163
1162
1162
1162
1161
1161
1161
1160
1160
1158
1158
1158
1158
1157
1157
1157
1157
1156
1155
1155
1155
1155
1154
1154
1154
1154
1153
1153
1153
1153
1153
1152
1152
1152
1152
1151
1151
1151
1151
1150
1150
1150
1149
1149
1148
1148
1148
1148
1147
1147
1147
1147
1147
1147
1147
1147
1146
1145
1145
1145
1145
1145
1144
1144
1144
1143
1143
1143
1143
1142
1142
1142
1142
1141
1141
1141
1141
1141
1140
1140
1140
1139
1139
1139
1139
1139
1139
1138
1138
1138
1137
1137
1137
1137
1136
1136
1136
1136
1136
1136
1135
1135
1134
1134
1134
1133
1133
1133
1133
1133
1132
1132
1132
1132
1132
1131
1131
1131
1131
1131
1130
1130
1130
1129
1129
1129
1129
1129
1129
1128
1128
1127
1127
1126
1126
1126
1126
1126
1125
1124
1124
1124
1124
1123
1123
1123
1122
1122
1122
1121
1121
1121
1120
1120
1120
1120
1119
1119
1119
1119
1118
1118
1118
1118
1117
1117
1117
1117
1117
1117
1116
1116
1116
1116
1115
1115
1115
1115
1114
1114
1114
1114
1113
1113
1113
1112
1112
1111
1111
1111
1111
1111
1110
1110
1109
1109
1108
1108
1108
1108
1108
1107.5
1107
1107
1107
1107
1106
1106
1106
1105
1105
1105
1105
1104
1104
1104
1104
1104
1103
1103
1103
1103
1103
1103
1103
1102
1102
1102
1102
1102
1101
1101
1101
1100
1100
1100
1100
1100
1099
1099
1099
1098
1098
1098
1098
1098
1098
1098
1097
1097
1097
1097
1096
1096
1096
1096
1096
1096
1095
1095
1095
1095
1095
1095
1094
1094
1093
1093
1091
1091
1091
1090
1090
1090
1090
1089
1089
1089
1088
1088
1088
1088
1088
1088
1087
1087
1087
1086
1086
1086
1086
1086
1085
1085
1085
1085
1084
1083
1083
1083
1083
1083
1083
1083
1083
1083
1083
1083
1082
1082
1082
1082
1082
1081
1081
1081
1081
1080
1080
1080
1080
1080
1080
1080
1080
1079
1079
1079
1079
1079
1078
1078
1078
1078
1077
1077
1077
1077
1077
1077
1077
1077
1077
1076
1076
1075
1075
1075
1075
1074
1074
1074
1073
1073
1073
1072
1072
1072
1071
1071
1071
1070
1070
1069
1069
1069
1069
1069
1069
1068
1068
1068
1068
1067
1067
1067
1066
1066
1066
1065
1065
1064
1064
1064
1063
1063
1063
1063
1063
1063
1063
1063
1062
1062
1062
1062
1062
1062
1062
1061
1061
1061
1061
1061
1060
1060
1060
1060
1060
1060
1059
1059
1059
1059
1058
1058
1058
1058
1057
1057
1057
1056
1056
1056
1056
1056
1055
1055
1055
1054
1054
1054
1054
1054
1054
1054
1053
1053
1053
1053
1053
1053
1052
1052
1052
1052
1052
1051
1051
1051
1051
1051
1051
1051
1051
1050
1050
1050
1050
1050
1050
1049
1049
1049
1049
1049
1048
1048
1048
1048
1048
1047
1047
1047
1047
1047
1047
1047
1047
1047
1046
1045
1045
1045
1044
1044
1044
1044
1044
1043
1043
1043
1043
1043
1042
1042
1042
1042
1041
1041
1040
1040
1040
1040
1039
1039
1039
1038
1038
1038
1038
1038
1038
1037
1037
1037
1037
1037
1036
1036
1036
1036
1036
1035
1035
1035
1035
1034
1034
1034
1034
1034
1033
1033
1033
1032
1032
1032
1032
1032
1032
1031
1031
1031
1031
1031
1031
1031
1031
1030
1030
1030
1030
1030
1030
1030
1030
1029
1029
1029
1029
1029
1029
1029
1029
1029
1028
1028
1028
1027
1027
1027
1027
1027
1027
1026
1026
1026
1026
1026
1026
1025
1025
1024
1024
1024
1024
1024
1024
1024
1024
1023
1023
1022
1022
1022
1022
1022
1021
1021
1021
1021
1021
1021
1021
1020
1020
1020
1019
1019
1019
1019
1019
1019
1019
1019
1019
1019
1019
1019
1018
1018
1018
1018
1018
1017
1017
1017
1016
1015
1015
1015
1015
1015
1014
1014
1014
1014
1013
1013
1013
1013
1013
1013
1013
1012
1012
1012
1012
1011
1011
1011
1011
1011
1011
1010
1010
1010
1009
1009
1008
1008
1008
1008
1008
1008
1008
1008
1007
1007
1007
1007
1006
1006
1006
1006
1006
1005
1005
1005
1005
1005
1004
1004
1004
1004
1004
1004
1003
1003
1003
1003
1002
1002
1002
1002
1001
1001
1001
1001
1000
1000
999.5
999
999
999
999
999
999
999
999
999
999
999
998
998
997
997
996
996
996
996
996
995
995
995
994
994
994
994
994
994
994
994
994
994
994
993
993
993
993
993
993
993
993
993
992
992
992
992
992
991
991
991
991
991
991
990
990
990
990
989
989
989
989
989
988
988
988
988
987
987
987
987
987
987
987
987
986
986
986
986
986
986
985
985
985
985
985
985
985
985
984
984
984
984
983
983
983
983
983
983
983
983
983
983
983
983
982.5
982
982
982
982
981
981
981
981
981
980
980
980
980
980
980
979
979
979
979
979
979
978
978
978
978
978
978
978
978
978
978
977
977
977
977
976
976
976
976
976
975
975
975
975
975
975
975
974
974
974
974
974
973
973
973
973
973
973
973
973
973
972
972
972
972
972
971
971
971
971
970
970
970
970
970
970
970
969
969
969
969
969
968
968
968
968
968
968
967
967
967
966
966
966
965
965
965
965
965
965
965
965
965
965
964
964
964
964
963
963
963
963
963
963
963
963
963
962
962
962
962
962
961
961
961
961
961
961
961
960
960
960
960
960
960
960
960
959
959
959
959
959
959
958
958
958
958
958
958
958
957
957
957
956
956
956
956
956
955
955
955
955
955
955
955
955
955
955
954
953
953
953
953
952
952
952
952
952
952
951
951
950
950
950
950
950
950
950
950
950
949
949
949
949
949
949
949
949
949
949
948.5
948
948
948
948
948
948
948
947
947
947
946
946
946
946
946
946
946
946
945
945
945
945
945
944
944
944
944
944
944
944
944
944
944
943
943
943
943
943
943
943
943
942.5
942
942
942
942
942
942
942
942
941
941
941
941
941
941
941
940
940
940
940
940
940
940
939
939
939
939
939
939
939
939
939
938
938
938
938
938
938
938
938
938
938
938
938
937
937
937
937
937
937
936
936
936
936
936
935
935
935
935
935
935
935
935
935
935
935
935
935
935
934
934
934
934
934
934
933
933
932
932
932
932
932
931
931
931
931
931
931
931
930.5
930
930
930
930
930
930
930
930
929
929
929
929
929
929
929
929
929
929
929
928
928
928
928
928
928
928
927
927
926
926
926
926
926
926
926
926
925
925
925
925
925
925
925
924
924
924
924
924
924
924
924
924
923
923
923
923
922
922
922
922
922
922
922
922
922
922
921
921
921
921
921
921
921
920
920
920
920
920
920
920
919
919
919
918.5
918
918
918
918
918
918
918
917
917
917
917
917
916
916
916
915
915
915
915
915
915
915
915
915
914
914
914
914
914
914
913
913
913
913
913
913
913
913
912
912
912
911
911
911
911
911
910
910
910
910
909
909
909
909
909
909
909
909
909
909
909
909
908
908
908
908
908
908
908
907.5
907
907
907
907
907
907
907
907
907
906
906
906
906
906
906
906
905
905
905
905
905
905
905
905
905
904
904
904
904
903
903
903
903
903
903
903
903
903
903
902
902
902
902
902
902
902
902
901.5
901
901
901
901
901
901
901
901
901
900.5
900.5
900
900
900
900
899
899
899
899
899
899
899
898
898
898
898
898
897
897
897
897
896
896
896
896
896
896
896
895
895
895
895
895
894
894
894
894
894
894
894
894
893
893
893
893
893
893
892
892
892
892
892
891
891
891
891
891
891
891
890
890
890
890
890
890
890
890
890
890
889
889
889
889
889
888
888
888
888
888
888
888
888
888
888
888
888
888
888
887
887
887
887
887
887
886.5
886.5
886
886
886
886
886
885
885
885
884
884
884
883.5
883
883
883
883
883
883
883
883
882
882
882
882
882
882
882
881.5
881
881
881
880
880
880
880
880
880
880
879
879
879
879
878
878
878
878
878
877.5
877
877
877
877
877
877
876
876
876
876
876
876
876
875.5
875.5
875
875
875
875
875
875
875
875
875
875
875
874.5
874
874
874
874
874
874
874
873
873
873
873
873
873
873
872
872
872
872
872
871
871
871
871
871
871
870
870
870
870
870
870
870
869.5
869
869
869
869
869
869
869
869
869
869
869
869
868
868
867
867
867
867
867
866
866
866
865
865
865
865
865
865
864.5
864
864
864
864
864
863
863
863
863
863
863
862
862
862
862
862
861.5
861
861
861
861
861
861
860
860
860
860
860
860
860
860
859
859
858
858
858
858
858
857
857
857
857
857
857
857
856
856
856
856
856
856
856
855.5
855.5
855
855
855
855
855
855
855
855
854
854
854
854
854
854
853
853
853
853
853
853
853
853
852
852
852
852
852
852
852
852
852
851
851
851
851
851
851
851
851
851
851
851
851
850
850
850
850
850
850
850
850
850
849.5
849.5
849
849
849
849
849
849
848
848
848
848
848
848
848
848
848
848
848
848
847
847
847
847
847
846
846
846
846
846
846
846
846
846
845
845
845
845
845
845
845
845
844
844
844
844
844
844
844
843
843
843
843
843
843
843
842
842
842
842
842
842
842
841.5
841
841
841
841
841
841
840.5
840
839
839
839
839
839
839
838.5
838
838
838
838
838
837.5
837
837
837
837
837
836
836
836
836
836
836
836
835
835
835
835
835
835
834
834
834
834
834
834
834
834
834
834
834
833.5
833
833
833
833
833
833
833
833
832.5
832
832
832
832
832
832
831
831
831
831
830
830
830
830
830
830
830
830
830
829.5
829
829
829
829
829
828
828
828
828
828
827.5
827
827
827
827
827
826
826
826
826
826
826
826
826
826
826
825.5
825
825
825
825
825
825
825
825
825
824
824
824
824
824
824
824
823
823
823
823
823
823
823
823
823
822.5
822.5
822.5
822
822
822
822
822
822
822
821.5
821
821
821
821
821
820
820
820
820
819
819
818
818
818
818
818
817.5
817
817
817
817
817
817
817
817
817
817
817
817
817
816
816
816
816
816
815
815
815
814
814
814
814
814
814
814
814
814
813
813
813
813
813
812.5
812
812
812
812
812
812
812
812
812
811
811
811
811
811
811
811
811
811
811
810
810
810
809
809
809
809
809
809
809
808
808
808
808
808
808
808
808
808
807
807
807
807
807
807
807
807
806.5
806
806
806
806
806
806
806
805
805
805
805
805
804
804
804
804
804
804
804
803.5
803.5
803
803
803
803
803
803
803
803
803
803
802.5
802
802
802
802
802
801
801
801
801
801
801
801
801
800
800
800
800
800
800
800
799.5
799
799
799
799
799
799
798.5
798
798
798
798
798
798
797
797
797
797
797
796
796
796
796
796
795.5
795
795
795
795
795
795
795
794
794
794
794
794
793
793
793
793
793
793
793
793
793
793
793
793
793
792
792
792
792
792
792
792
792
792
791
791
791
791
791
791
791
791
791
791
791
790.5
790
790
790
790
790
790
790
790
790
789.5
789
789
789
789
789
789
789
788
788
788
788
788
788
788
788
788
788
787.5
787
787
787
787
787
787
787
786.5
786.5
786
786
786
786
786
786
786
785
785
785
785
785
785
785
785
785
784
784
784
784
784
784
784
783
783
783
783
783
783
782
782
782
782
782
782
782
782
782
782
781.5
781
781
781
781
781
780
780
780
780
780
780
780
780
780
780
780
780
780
780
779.5
779.5
779
779
779
779
779
779
779
779
778
778
778
778
778
778
778
777.5
777
777
777
777
777
776
776
776
776
776
776
776
776
776
775
775
775
774
774
774
774
774
774
774
774
773
773
773
773
773
773
773
772
772
772
772
771
771
771
771
771
771
771
771
771
770
770
770
770
770
769
769
768
768
768
767
767
767
767
767
767
767
767
767
766
766
766
766
766
766
766
766
766
766
766
765
765
765
764
764
764
764
764
764
764
764
764
763
763
763
763
763
762.5
762
762
762
762
762
762
762
762
761
761
761
761
761
761
760
760
760
760
760
760
760
760
759
759
759
759
759
758
758
757.5
757
757
757
756
756
756
756
756
756
756
756
756
756
755.5
755
754
753
753
753
753
753
753
753
753
753
752
752
752
752
752
752
752
752
751
751
751
751
751
751
750
750
750
750
749
749
749
748
748
748
747
747
747
747
747
747
746
746
746
746
746
746
746
746
746
746
745.5
745
745
745
745
745
745
745
745
744
744
744
744
744
744
744
743
743
743
743
743
743
743
742
742
742
742
742
741
741
740
740
740
740
740
739
739
738
738
738
738
738
737
737
737
737
737
737
737
736
736
736
736
736
735
735
734
733
733
733
733
733
732
732
732
732
732
732
731
731
731
729
729
729
729
729
729
729
728
728
728
728
727
727
727
726
726
726
726
726
726
726
726
726
726
725
725
724
724
724
724
724
723
722
722
722
722
722
722
721
721
721
721
720
720
720
720
720
719
719
719
718
718
717
717
717
716
716
716
716
716
715
715
715
715
715
714.5
714
714
714
714
714
714
714
714
713
713
713
713
713
713
712
712
711
711
710
710
710
710
709
709
709
709
709
709
709
708
708
708
708
708
708
707
707
707
707
707
706
706
706
706
706
705
705
705
704
704
704
704
703
703
703
703
702
702
702
702
701
701
701
701
700
700
698
697
696
696
696
696
696
696
696
694
693
693
693
693
692
692
692
691
691
690
690
690
690
689
688
688
688
688
688
687
687
687
687
687
687
686
686
685
685
685
685
685
685
684
684
684
684
683
683
682
682
682
682
681
681
681
680
680
680
680
680
680
679
679
679
679
678
678
678
678
677
677
677
677
676
676
676
676
676
675
675
675
675
674
674
673
672
672
671
671
671
670
670
670
669
669
668
668
667
667
667
667
666
666
664
663
663
662
662
662
662
662
661
661
660
660
660
660
660
659
659
659
659
658
658
657
657
656
656
656
656
654
654
654
654
654
652
652
650
650
649
649
647
647
646
645
645
645
643
642
641
640
639
638
637
636
636
636
635
635
633
632
632
630
630
628
627
625
622
622
621
621
621
620
620
619
619
619
618
617
617
617
614
614
612
612
612
612
612
611
609
609
609
608
607
607
606
605
605
604
604
603
603
602
602
599
599
599
597
595
595
594
594
594
594
593
591
591
590
589
589
588
587
586
585
584
584
582
581
581
581
580
579
578
577
577
573
569
569
568
566
563
563
562
562
559
559
558
556
553
553
551
550
550
548
548
546
546
541
540
537
537
535
535
535
534
534
532
530
526
522
519
519
519
513
510
508
502
502
501
499
497
489
472
469
469
458
456
455
450
443
433
413
369
