2264
2259
2234
2198
2155
2091
2075
2059
2027
2012
1984
1973
1956
1915
1909
1905
1904
1881
1851
1844
1832
1829
1813
1811
1806
1801
1796
1793
1792
1785
1754
1749
1738
1726
1720
1720
1715
1715
1714
1698
1698
1692
1691
1690
1689
1677
1677
1673
1672
1672
1666
1666
1665
1664
1660
1659
1656
1651
1650
1642
1638
1638
1638
1635
1635
1627
1625
1624
1620
1620
1620
1615
1614
1614
1613
1612
1612
1611
1611
1610
1609
1609
1607
1607
1606
1606
1605
1605
1604
1603
1602
1602
1601
1600
1599
1599
1598
1598
1598
1597
1596
1595
1593
1588
1587
1586
1586
1585
1582
1579
1569
1562
1560
1560
1544
1542
1536
1535
1535
1535
1526
1525
1519
1518
1517
1515
1513
1508
1508
1507
1503
1500
1498
1496
1496
1495
1495
1495
1494
1492
1486
1486
1481
1477
1476
1475
1471
1470
1469
1469
1468
1467
1467
1464
1463
1461
1460
1460
1458
1458
1458
1457
1457
1456
1456
1455
1454
1453
1453
1453
1452
1450
1448
1446
1444
1444
1443
1442
1442
1440
1439
1437
1437
1436
1436
1435
1433
1432
1430
1430
1430
1428
1427
1426
1426
1426
1425
1425
1425
1423
1423
1422
1422
1421
1420
1419
1419
1419
1419
1418
1416
1416
1415
1414
1414
1413
1413
1413
1411
1411
1410
1410
1410
1409
1408
1408
1407
1406
1406
1406
1406
1405
1405
1404
1404
1404
1404
1403
1403
1403
1403
1402
1402
1401
1401
1400
1400
1399
1399
1399
1398
1398
1397
1395
1395
1395
1393
1392
1390
1390
1389
1388
1388
1388
1386
1386
1385
1385
1385
1384
1382
1380
1380
1380
1379
1379
1378
1378
1376
1376
1375
1375
1373
1372
1371
1369
1368
1367
1367
1366
1366
1365
1363
1361
1360
1359
1359
1357
1356
1356
1355
1355
1355
1355
1354
1354
1354
1353
1353
1352
1352
1351
1351
1350
1350
1350
1349
1349
1348
1347
1346
1345
1343
1343
1342
1342
1341
1341
1340
1340
1340
1338
1338
1338
1337
1337
1337
1337
1337
1335
1334
1332
1332
1332
1332
1332
1331
1330
1330
1329
1329
1327
1327
1326
1326
1326
1325
1324
1322
1321
1320
1318
1318
1318
1316
1316
1315
1315
1315
1314
1314
1314
1313
1313
1312
1311
1311
1311
1311
1310
1310
1310
1308
1307
1307
1306
1306
1306
1304
1304
1302
1301
1300
1300
1300
1300
1300
1299
1299
1298
1298
1298
1297
1297
1296
1296
1295
1295
1295
1294
1293
1293
1292
1291
1290
1290
1290
1289
1289
1289
1289
1288
1288
1287
1287
1287
1285
1285
1284
1284
1284
1284
1283
1283
1283
1282
1282
1281
1280
1280
1279
1279
1279
1278
1278
1278
1278
1278
1278
1278
1277
1276
1276
1276
1276
1275
1274
1274
1273
1272
1272
1272
1272
1270
1270
1268
1268
1268
1268
1267
1267
1267
1266
1265
1265
1264
1264
1264
1263
1263
1263
1263
1261
1261
1260
1260
1259
1259
1259
1257
1257
1257
1256
1256
1255
1254
1254
1253
1253
1253
1253
1252
1252
1251
1251
1251
1250
1250
1249
1249
1248
1248
1248
1248
1247
1247
1246
1244
1244
1244
1244
1243
1243
1243
1242
1242
1242
1240
1240
1239
1239
1239
1238
1237
1237
1237
1237
1237
1236
1235
1235
1235
1234
1234
1234
1233
1233
1233
1232
1232
1232
1231
1231
1231
1231
1230
1230
1230
1229
1229
1228
1228
1228
1227
1227
1227
1227
1226
1226
1225
1225
1225
1224
1224
1224
1224
1223
1222
1222
1221
1220
1219
1219
1219
1218
1218
1218
1218
1217
1217
1217
1217
1216
1216
1215
1215
1215
1215
1214
1214
1214
1214
1214
1214
1214
1214
1213
1213
1213
1212
1211
1211
1210
1210
1210
1209
1209
1209
1209
1208
1208
1208
1207
1207
1206
1206
1206
1205
1205
1204
1204
1204
1204
1204
1203
1203
1203
1203
1203
1203
1202
1202
1201
1201
1201
1201
1201
1201
1200
1200
1200
1200
1199
1198
1198
1198
1197
1197
1196
1196
1196
1194
1194
1194
1193
1193
1192
1191
1191
1191
1191
1190
1189
1189
1188
1188
1188
1188
1187
1186
1186
1186
1185
1185
1185
1184
1184
1184
1184
1183
1183
1182
1182
1181
1181
1180
1179
1179
1179
1179
1178
1178
1178
1177
1177
1177
1177
1176
1175
1175
1175
1174
1174
1174
1174
1174
1173
1171
1170
1170
1169
1169
1169
1169
1169
1169
1169
1169
1168
1168
1167
1167
1167
1166
1165
1165
1164
1163
1163
1163
1162
1160
1160
1160
1159
1159
1158
1157
1157
1157
1156
1156
1155
1155
1155
1154
1154
1154
1154
1153
1153
1153
1152
1152
1151
1151
1150
1149
1148
1148
1146
1146
1145
1145
1145
1145
1145
1145
1145
1145
1145
1145
1144
1144
1144
1144
1144
1144
1143
1143
1143
1142
1142
1142
1141
1140
1140
1140
1140
1139
1139
1139
1138
1137
1137
1137
1137
1136
1136
1136
1135
1135
1135
1134
1134
1134
1134
1134
1134
1134
1133
1132
1132
1132
1132
1131
1131
1131
1131
1130
1130
1130
1130
1130
1129
1129
1129
1129
1128
1128
1127
1126
1126
1125
1125
1125
1125
1125
1124
1124
1124
1124
1124
1124
1123
1123
1123
1123
1123
1122
1122
1122
1122
1121
1121
1121
1121
1121
1120
1120
1119
1119
1119
1118
1117
1117
1117
1116
1116
1116
1115
1115
1115
1115
1115
1114
1113
1113
1112
1111
1111
1110
1110
1110
1110
1110
1109
1109
1109
1109
1109
1108
1108
1108
1107
1107
1107
1106
1105
1104
1104
1104
1103
1103
1103
1102
1102
1101
1101
1100
1100
1100
1100
1100
1100
1099
1099
1099
1099
1099
1099
1098
1098
1098
1098
1097
1097
1097
1097
1096
1096
1095
1093
1093
1092
1092
1091
1091
1090
1089
1088
1088
1088
1087
1086
1086
1086
1086
1086
1086
1085
1085
1085
1084
1084
1084
1083
1083
1083
1082
1082
1081
1081
1081
1080
1080
1080
1080
1080
1078
1078
1077
1077
1077
1077
1076
1076
1076
1076
1075
1075
1074
1074
1074
1074
1073
1073
1072
1072
1071
1071
1071
1071
1070
1070
1070
1070
1069
1069
1069
1069
1069
1069
1069
1069
1069
1068
1068
1067
1066
1066
1066
1066
1066
1065
1065
1065
1064
1064
1064
1064
1063
1062
1062
1062
1062
1062
1061
1060
1060
1060
1060
1059
1059
1059
1059
1059
1059
1059
1058
1058
1057
1056
1056
1056
1056
1055
1054
1054
1054
1054
1053
1053
1053
1053
1052
1052
1052
1051
1051
1051
1051
1051
1049
1049
1049
1048
1048
1047
1047
1047
1046
1046
1046
1046
1045
1045
1045
1044
1044
1044
1043
1043
1043
1043
1041
1041
1041
1040
1040
1039
1038
1038
1038
1037
1037
1037
1037
1037
1037
1036
1036
1036
1034
1034
1034
1034
1034
1033
1033
1033
1032
1032
1032
1032
1031
1031
1030
1030
1030
1029
1029
1029
1029
1029
1029
1029
1028
1028
1027
1026
1025
1025
1025
1024
1024
1023
1023
1023
1023
1023
1023
1023
1022
1022
1021
1021
1021
1021
1021
1021
1020
1020
1020
1019
1019
1019
1019
1018
1018
1017
1017
1017
1017
1016
1016
1016
1015
1015
1015
1014
1014
1013
1013
1012
1012
1012
1012
1011
1011
1011
1010
1010
1010
1010
1010
1010
1010
1010
1010
1009
1009
1009
1009
1008
1008
1008
1008
1008
1008
1007
1007
1007
1007
1007
1006
1006
1006
1006
1005
1005
1005
1005
1004
1004
1004
1004
1004
1003
1003
1003
1003
1003
1002
1002
1002
1002
1002
1002
1001
1001
1001
1001
1001
1000
1000
1000
999
999
999
999
999
999
998
998
997
996
996
995
995
994
994
994
993
993
993
992
992
992
992
991
991
991
990
990
990
989
989
989
989
989
988
988
988
988
987
987
987
987
987
987
987
986
986
985
985
985
984
983
983
983
983
983
981
981
981
980
980
980
980
979
979
979
979
979
979
978
978
978
978
978
978
978
977
977
976
975
975
975
975
975
975
975
975
975
974
974
974
973
973
972
972
972
972
972
971
971
970
970
970
969
969
969
969
969
969
968
968
968
968
968
967
967
967
967
966
966
966
966
966
965
965
965
964
964
964
964
963
963
963
962
962
962
962
962
961
961
961
961
961
961
960
960
960
960
960
960
960
960
959
959
958
958
958
957
957
957
957
957
957
956.5
956
956
956
956
956
956
956
956
955
953
953
953
953
953
952
952
951
951
951
951
951
950
950
950
950
949
948
948
948
948
948
948
947
947
946
946
946
946
946
946
946
946
945
945
945
945
944
944
944
944
944
943
943
943
943
943
943
942
942
941
941
941
940
940
940
940
940
940
940
940
940
939
939
939
938
938
938
938
937
937
937
937
937
936
936
936
935
935
935
934
934
934
934
933
933
933
933
933
932
932
932
932
931
931
931
931
930
930
930
930
929
928
928
928
927
927
927
927
926
926
926
925
925
925
925
925
925
924
924
924
924
924
923
923
923
923
923
923
922
922
922
922
921
921
921
921
920
920
920
920
920
920
919
919
919
919
918
918
918
918
918
917
917
917
916
916
916
916
915
915
915
915
915
915
914
914
914
914
914
914
914
914
913
913
913
913
912
912
912
912
912
912
912
912
911
911
911
910
910
909.5
909
909
909
908.5
908
908
907
907
907
907
906
905
905
905
905
905
904
904
904
903
903
903
903
902
902
901
901
900
900
900
900
900
900
900
899
899
899
899
899
898
897
897
897
897
895
895
894
894
894
894
894
894
894
893
893
893
893
892
891
891
891
890
890
890
890
890
890
890
889
889
888
888
888
888
888
888
888
888
887
887
887
887
886
886
886
886
886
886
885
885
885
885
884
884
884
883
883
883
882
882
882
882
882
881
881
881
880
880
880
880
880
880
879
879
879
879
879
878
878
878
878
877
876
876
876
876
876
875
875
875
875
874
874
874
873
873
873
873
873
873
873
872
872
872
872
872
872
871
871
871
871
871
871
871
871
870
870
870
869
869
869
869
868
868
868
868
868
868
867
867
867
867
867
867
867
866
866
866
865
865
865
865
865
865
865
865
865
864
864
863
863
863
863
863
862
862
862
862
862
862
861
861
861
861
861
860.5
860
860
860
860
860
859
859
859
858
858
858
858
858
857.5
857
857
857
856
856
856
854
854
853.5
853
853
853
853
853
853
852
852
852
852
852
852
852
852
851
851
851
851
850
850
850
850
849
849
849
849
849
848
848
848
848
847
847
847
847
847
846
846
846
846
846
846
846
846
845
844
844
844
844
844
843
843
842
842
842
841
841
841
841
841
841
841
840
840
840
839.5
839
838
838
837
837
837
837
837
837
836
836
836
836
835
834
834
834
834
834
834
833
833
833
833
832
832
832
831
831
831
831
831
831
830
830
830
830
829
829
829
828
828
828
828
828
828
828
827
827
827
827
827
827
826
826
826
826
825
825
825
825
824
824
824
824
824
823
823
823
823
823
823
823
823
822
822
822
822
822
822
821.5
821
821
821
821
820
820
820
820
819
818
817
817
817
817
816
816
816
816
816
815
815
815
815
815
814
813
813
813
813
812
812
812
811
811
811
811
810
810
810
810
810
810
810
809
809
809
808
808
808
808
807
807
807
807
807
807
807
807
807
807
807
806
806
805
805
805
804
804
804
804
804
804
804
804
804
803
803
803
803
803
803
802
802
802
802
802
801
801
801
801
801
800
800
800
800
800
800
799
799
799
799
798
798
798
798
797
797
797
797
797
796
796
796
796
795
794
794
794
794
793
793
793
793
792
792
792
792
791
791
791
790
790
790
790
790
790
790
789
789
789
789
789
788
788
788
788
788
788
788
788
787
787
787
787
787
787
786
786
786
786
786
786
785
785
785
785
785
785
785
784
784
783
783
783
782
782
782
782
781
781
781
781
780
780
780
780
780
780
780
779
779
779
779
778
778
778
778
777
777
777
776
776
776
776
776
776
775
775
775
775
774.5
774
774
774
773
773
773
773
773
772
772
771.5
771
771
771
771
771
770
770
770
770
770
770
769
769
769
769
768
768
768
767
767
766
766
765
765
765
765
764
763
763
763
763
763
763
762
761
761
760
760
760
759
759
759
758
758
758
757.5
757
757
757
756
756
756
755
755
755
755
755
755
755
754
754
753
753
753
753
752
751
751
751
751
751
750
749
749
748
747
747
747
746
746
745
745
744
744
743
743
742
742
742
741
741
741
740
740
740
740
739
739
739
738
737
737
736
735
735
734
734
734
734
734
734
733
733
733
733
733
732
732
732
731
731
730
730
730
729
729
728
728
727
727
727
727
727
726
725
725
725
724
724
723
723
723
723
723
722
721
721
721
720
720
720
719
719
719
719
718
718
718
718
718
716
716
715
714
713
713
713
712
712
712
712
711
711
711
710
710
710
710
710
710
710
709
709
709
709
709
709
708
708
707
707
706
704
704
704
704
704
703
703
703
702
702
702
702
701
701
701
701
700
700
700
699
699
699
699
697
697
696
696
695
695
695
695
694
694
694
694
693
690
690
689
688
687
686
686
686
685
684
683
683
682
682
682
680
680
680
678
678
678
677
676
676
675
674
674
673
673
672
672
672
672
672
671
671
670
670
670
669
668
668
667
667
666
665
664
664
664
663
662
661
661
661
661
660
659
656
656
655
655
654
653
652
650
648
646
645
642
642
640
640
640
639
638
637
633
632
630
629
628
628
628
627
626
624
624
624
621
620
620
616
612
612
612
612
611
610
609
606
605
605
604
603
600
598
597
597
591
591
589
584
583
583
582
582
580
580
571
571
571
568
562
562
559
557
556
553
553
548
545
543
537
529
528
522
517
492
489
486
478
475
463
445
433
419
