2279
2198
2094
2015
2013
2012
2010
1979
1921
1908
1890
1888
1870
1869
1867
1867
1854
1823
1816
1813
1810
1809
1808
1808
1806
1806
1800
1795
1794
1791
1788
1787
1780
1766
1760
1733
1732
1730
1730
1730
1722
1720
1716
1706
1703
1700
1696
1687
1679
1677
1675
1671
1670
1663
1657
1652
1651
1649
1649
1647
1640
1639
1638
1638
1633
1633
1624
1622
1620
1619
1614
1610
1610
1609
1608
1606
1606
1604
1601
1600
1595
1595
1595
1593
1593
1592
1589
1587
1586
1584
1583
1582
1581
1580
1576
1574
1574
1571
1567
1565
1564
1560
1559
1558
1558
1555
1551
1545
1543
1540
1540
1540
1539
1536
1532
1531
1526
1523
1516
1514
1514
1509
1509
1507
1506
1503
1501
1500
1500
1499
1498
1498
1495
1495
1493
1490
1490
1487
1486
1486
1483
1483
1481
1481
1481
1480
1478
1473
1471
1470
1468
1467
1466
1465
1464
1464
1462
1461
1460
1459
1459
1458
1458
1458
1457
1456
1456
1455
1455
1454
1452
1452
1451
1449
1448
1448
1448
1447
1447
1446
1444
1443
1443
1443
1442
1440
1440
1439
1439
1439
1439
1438
1435
1434
1432
1430
1430
1430
1429
1429
1427
1425
1425
1425
1425
1424
1423
1423
1422
1422
1421
1421
1420
1419
1418
1418
1418
1417
1417
1417
1416
1416
1413
1410
1409
1406
1406
1406
1404
1404
1404
1404
1403
1403
1403
1401
1401
1400
1400
1400
1400
1399
1399
1397
1397
1397
1395
1393
1393
1392
1391
1390
1389
1389
1389
1388
1388
1384
1382
1382
1379
1377
1376
1375
1373
1373
1372
1371
1370
1367
1367
1365
1365
1364
1363
1363
1362
1362
1362
1359
1358
1357
1357
1357
1356
1355
1355
1354
1353
1353
1352
1352
1351
1350
1350
1350
1350
1350
1348
1348
1347
1347
1346
1346
1345
1345
1345
1343
1342
1342
1341
1340
1340
1339
1338
1338
1338
1337
1336
1336
1336
1335
1333
1333
1333
1333
1332
1331
1331
1331
1330
1329
1328
1328
1328
1326
1326
1325
1325
1323
1322
1322
1321
1320
1319
1319
1319
1318
1317
1317
1315
1314
1314
1314
1314
1314
1313
1313
1312
1312
1311
1310
1310
1309
1308
1308
1307
1306
1306
1305
1305
1305
1304
1304
1304
1304
1303
1303
1303
1303
1302
1302
1301
1300
1300
1300
1297
1296
1294
1293
1293
1292
1292
1291
1288
1287
1286
1286
1286
1285
1285
1285
1284
1283
1282
1282
1280
1280
1280
1279
1278
1278
1278
1276
1275
1274
1272
1271
1271
1271
1270
1270
1269
1269
1268
1268
1268
1268
1268
1268
1267
1267
1266
1266
1266
1266
1265
1263
1263
1263
1262
1262
1262
1261
1260
1259
1259
1259
1259
1259
1259
1258
1258
1257
1257
1257
1256
1256
1255
1255
1255
1254
1254
1253
1253
1252
1251
1251
1250
1250
1249
1249
1248
1248
1248
1248
1247
1247
1247
1244
1244
1244
1244
1244
1244
1243
1242
1242
1242
1242
1241
1240
1240
1239
1239
1239
1239
1238
1237
1237
1237
1236
1236
1235
1235
1235
1235
1234
1233
1233
1233
1233
1232
1232
1232
1232
1232
1231
1231
1230
1230
1229
1229
1228
1228
1228
1226
1226
1224
1223
1222
1222
1222
1221
1221
1220
1220
1219
1219
1219
1218
1217
1217
1217
1217
1216
1216
1216
1215
1215
1215
1215
1214
1214
1214
1213
1212
1212
1211
1211
1210
1209
1209
1208
1208
1207
1207
1207
1206
1206
1205
1204
1204
1203
1203
1202
1202
1202
1201
1201
1200
1200
1200
1200
1200
1200
1200
1200
1199
1199
1198
1195
1195
1194
1194
1193
1193
1192
1191
1191
1191
1190
1190
1189
1189
1188
1188
1186
1186
1185
1185
1184
1182
1182
1182
1182
1181
1181
1181
1179
1179
1179
1178
1178
1178
1178
1177
1177
1176
1176
1175
1175
1175
1174
1173
1173
1172
1170
1170
1170
1170
1170
1170
1169
1169
1168
1168
1168
1167
1166
1166
1165
1165
1165
1165
1165
1165
1164
1164
1164
1163
1163
1163
1162
1162
1161
1160
1160
1160
1159
1159
1158
1157
1157
1157
1157
1157
1157
1155
1155
1155
1155
1154
1153
1152
1152
1152
1152
1152
1152
1151
1150
1150
1149
1149
1149
1148
1148
1148
1148
1148
1147
1146
1146
1146
1145
1145
1145
1145
1144
1144
1143
1143
1143
1143
1142
1142
1141
1141
1141
1140
1140
1140
1139
1139
1138
1138
1138
1137
1137
1137
1137
1136
1136
1136
1135
1135
1135
1135
1135
1135
1134
1134
1133
1133
1133
1132
1131
1130
1130
1130
1130
1129
1129
1129
1129
1128
1128
1127
1127
1126
1126
1126
1126
1126
1125
1124
1124
1124
1124
1123
1123
1123
1123
1123
1122
1122
1121
1121
1121
1120
1120
1120
1118
1118
1118
1118
1118
1117
1117
1117
1117
1115
1115
1115
1115
1114
1114
1114
1112
1112
1112
1111
1111
1111
1109
1109
1109
1109
1109
1108
1108
1107
1107
1107
1105
1105
1105
1104
1104
1104
1104
1103
1103
1103
1103
1102
1100
1100
1100
1099
1099
1099
1099
1099
1098
1098
1098
1098
1098
1097
1097
1096
1096
1096
1095
1095
1094
1093
1093
1093
1093
1092
1091
1091
1091
1091
1091
1090
1088
1088
1088
1087
1085
1085
1084
1084
1084
1083
1083
1083
1083
1083
1082
1081
1080
1079
1078
1078
1078
1077
1077
1076
1076
1076
1076
1075
1075
1075
1075
1074
1074
1074
1073
1072
1072
1072
1070
1070
1070
1070
1069
1068
1068
1068
1068
1067
1066
1066
1066
1065
1065
1064
1064
1064
1063
1063
1062
1062
1062
1062
1062
1061
1061
1061
1061
1060
1060
1060
1060
1059
1058
1058
1057
1057
1057
1057
1057
1057
1056
1056
1055
1055
1055
1055
1054
1054
1054
1054
1054
1053
1053
1053
1052
1052
1052
1051
1051
1051
1051
1051
1051
1051
1050
1050
1049
1049
1049
1048
1048
1048
1048
1047
1047
1047
1047
1047
1046
1046
1045
1045
1045
1045
1044
1044
1043
1043
1043
1042
1042
1041
1041
1040
1040
1039
1039
1039
1039
1038
1037
1037
1037
1037
1037
1036
1036
1036
1036
1036
1036
1034
1034
1034
1033
1033
1033
1033
1033
1033
1032
1032
1031
1031
1031
1031
1031
1031
1031
1031
1030
1030
1030
1030
1029
1029
1029
1029
1029
1028
1027
1027
1027
1026
1026
1026
1025
1025
1025
1024
1024
1024
1023
1023
1023
1023
1022
1021
1021
1021
1021
1020
1020
1020
1019
1019
1019
1019
1019
1018
1018
1018
1018
1017
1017
1016
1016
1015
1015
1015
1015
1014
1014
1014
1014
1014
1014
1014
1013
1013
1013
1013
1013
1012
1012
1012
1011
1011
1011
1010
1010
1010
1010
1009
1008
1007
1007
1006
1006
1006
1006
1005
1005
1005
1005
1005
1004
1004
1004
1004
1003
1003
1003
1003
1003
1002
1002
1002
1002
1002
1001
1001
1000
1000
999
999
999
999
998
998
998
998
998
998
998
997
996
996
996
995
995
995
995
994
993
992
992
991
991
991
990
990
990
989
988
988
988
988
988
987
987
987
987
987
986
986
986
986
985
985
985
985
985
985
983
983
981
980
980
980
980
979
978
978
978
978
977
977
977
977
976
976
976
976
976
975
975
975
975
975
975
975
974
973
973
973
972
972
972
972
971
970
970
970
970
969
969
969
969
968
968
968
967
967
967
967
967
966
966
965
965
965
965
965
964
964
963
963
963
963
962
961
961
960
960
960
960
959
959
959
959
959
959
958
957
957
956
956
955
955
955
955
954
954
954
954
954
954
953
953
952
952
952
952
952
951
951
950
950
950
950
949
949
949
948
947
947
946
946
945
945
945
944
944
944
944
944
943
943
943
942
942
942
941
941
941
941
941
941
940
939
939
938
938
938
938
938
937
937
937
936
936
936
936
936
935
935
934
934
934
934
934
933
933
933
933
932
932
931
931
931
931
930
930
930
930
929
929
929
929
928
928
927
926
926
926
926
926
925
925
924
924
923
923
922
922
922
921
921
920
920
920
920
920
920
919
919
919
919
919
918
918
918
918
918
918
917
917
917
917
917
917
916
916
916
916
916
915
915
915
915
914
913
913
912
912
912
912
912
911
911
911
911
911
911
910
910
910
910
910
909
909
909
908
908
908
908
908
908
907
907
906
906
906
906
905
905
905
905
905
905
904
904
904
904
904
903
903
902
902
902
902
901
901
901
901
901
898
898
898
898
898
897
896
896
896
895
895
895
895
894
894
893
893
892
892
892
892
892
892
891
891
891
891
891
891
890
890
890
889
889
889
889
888
888
888
888
888
887
886
886
884
884
884
884
883
883
883
882
881
881
880
880
880
880
879
879
879
879
878
878
878
878
877
877
877
877
876
876
876
876
875
875
875
874
874
874
874
874
874
874
873
873
873
873
872
871
871
871
871
870
870
870
870
870
869
868
868
868
868
868
867
867
866
866
864
864
864
864
864
863
863
863
863
863
863
863
862
862
862
861
861
860
860
860
860
860
860
859
859
858
857
857
857
856
856
856
856
855
855
855
855
855
854
854
853
853
852
852
852
851
851
850
850
849
849
849
849
849
849
849
848
848
848
847
847
847
847
846
845
845
845
845
845
844
844
844
843
843
843
843
843
842
842
841
841
841
841
840
840
840
840
840
839
839
839
839
838
838
838
837
837
837
837
837
836
836
836
836
836
836
836
835
835
835
835
834
833
833
832
832
830
830
830
829
828
828
828
828
827
827
826
826
826
826
825
825
824
824
824
822
821
821
821
820
820
820
820
820
819
819
819
819
818
818
818
818
818
817
817
817
817
817
817
815
815
815
815
814
814
814
811
811
811
811
811
810
810
810
810
809
809
808
808
808
808
807
807
807
807
807
806
806
806
806
806
806
806
806
805
805
805
805
805
805
805
804
804
804
802
801
801
800
800
800
799
798
798
797
797
795
795
795
795
795
794
793
793
792
792
791
791
791
791
790
790
790
790
790
790
789
789
789
788
788
787
787
786
786
786
786
786
786
785
785
784
784
784
784
784
783
783
783
782
782
781
781
781
781
780
779
779
779
779
778
777
777
777
777
777
777
777
776
775
775
775
775
774
774
774
773
773
771
771
771
771
771
770
770
770
769
769
769
768
768
768
768
767
767
766
766
765
764
764
763
763
763
763
762
762
762
762
762
760
760
760
760
760
760
759
757
757
757
757
756
755
754
753
753
752
752
751
750
749
749
748
748
748
747
747
747
747
746
745
745
745
745
744
744
743
743
743
743
742
742
741
740
740
740
740
740
740
740
739
739
739
739
739
738
737
737
736
736
735
734
734
734
734
734
734
733
733
733
733
732
731
729
728
728
728
727
727
727
727
727
727
726
726
726
726
725
725
724
722
722
722
722
720
720
718
718
718
718
718
717
717
716
715
715
714
714
714
714
714
713
713
712
711
711
711
710
709
709
708
708
707
707
707
706
704
704
704
704
704
704
703
702
702
702
702
701
701
701
700
700
700
699
698
696
696
695
694
693
693
691
691
691
691
691
691
687
686
686
686
686
685
684
684
683
683
682
682
681
681
681
680
680
680
679
679
678
678
677
677
676
676
675
675
675
675
674
673
672
672
672
672
670
670
668
668
668
668
667
666
665
665
664
663
663
662
662
661
661
661
661
660
660
659
656
655
655
655
653
652
651
651
649
647
647
646
646
645
644
643
642
642
642
641
640
639
638
638
638
637
637
637
636
636
636
636
634
634
633
633
633
632
631
631
630
629
628
627
626
626
626
623
621
620
619
618
617
616
616
614
613
613
612
609
607
607
607
605
604
604
603
601
598
595
593
593
592
592
590
589
586
586
585
584
583
582
582
582
580
580
579
578
576
575
575
572
570
569
569
568
568
568
567
567
564
563
563
560
560
559
559
558
558
557
555
554
552
551
550
549
549
548
547
545
545
544
544
543
541
541
539
539
539
538
535
533
533
532
529
529
528
526
515
514
512
511
510
509
506
505
503
503
502
501
501
500
500
498
497
497
495
495
495
493
487
484
476
476
470
456
448
447
444
444
440
432
431
425
424
423
422
420
403
402
395
393
392
386
371
