1101
1226
1114
1292
1229
1133
1589
875
697
1099
1576
1143
1157
1817
1849
2021
2149
1508
1240
1359
1109
968
1694
1582
1698
1386
1888
2413
1871
1215
1221
1206
1057
1134
1534
1474
1637
1984
1021
953
847
1076
1814
846
1019
1428
1714
1061
858
1154
1186
1167
940
1214
1589
1579
782
1095
1242
1040
925
1952
723
1334
1822
876
1078
777
1515
729
1163
908
596
664
1052
1426
1238
1271
461
785
1072
1476
1167
629
1551
880
898
1058
1881
1523
1239
732
933
1749
1589
1158
1291
571
849
1156
1040
889
1510
1122
685
1914
1099
1986
1335
971
1188
1246
1293
679
1038
1787
1816
1456
1166
652
1094
973
1956
1286
1120
1100
1279
1897
1241
613
1098
798
1707
1868
1192
1065
1078
1465
1216
1405
1064
2046
1767
1420
824
1315
1232
611
1293
1430
1849
1288
1281
1415
1037
1867
1642
658
1503
937
705
2248
1261
1296
968
1817
1700
1363
1276
1582
853
524
766
1030
1135
1370
1609
1072
853
675
1396
603
946
1186
1171
1474
924
1249
1186
850
1265
1502
1139
1310
965
946
1694
2283
927
1946
1294
1252
1317
1502
1276
1448
1004
1197
1552
791
1413
669
739
1395
943
929
1263
1422
986
1327
1320
521
773
1236
959
635
1171
1220
1245
1145
1059
1033
763
1046
1020
923
1057
709
1269
1343
1536
921
590
1107
1306
947
1410
1410
851
960
455
1271
652
1074
1314
1591
849
523
775
1094
1271
1263
1265
784
748
755
1854
1398
1514
1156
1584
782
2042
1134
1274
1049
1327
895
1230
820
1362
1225
898
1239
993
968
1552
1281
1268
1056
911
1094
856
1221
479
973
1554
2045
991
721
1221
890
1240
1395
1364
1023
1123
1331
1048
409
1284
941
1205
1375
972
918
997
1058
562
1418
1463
913
854
1558
1282
1033
1307
1732
1050
1109
1030
1074
965
790
1238
451
1261
837
537
790
1824
901
1094
1440
1229
1720
1266
1142
2291
1289
910
1237
1210
1474
1105
760
716
1518
867
1429
994
1085
1155
1211
952
1583
1308
1958
1694
1114
497
1418
998
1356
1018
857
906
1023
847
935
1348
572
1077
1412
1043
655
1070
958
1080
1129
1637
1314
811
878
992
1459
947
1295
1269
2101
1247
1433
1275
1440
1222
1195
1153
934
759
1010
1432
898
822
686
1129
1160
1694
781
999
879
1656
829
733
1008
966
1743
1362
1111
1352
919
1919
743
748
916
1131
1405
433
1021
790
1510
853
1090
650
704
936
1434
1632
1259
937
879
897
1224
845
654
1231
1549
1323
1091
1005
775
1310
1502
1565
754
1129
771
1036
872
1864
197
1183
944
784
1196
1319
993
1472
1195
2137
1301
1161
553
809
1257
2003
631
1033
1092
976
928
1341
2020
1601
829
1054
974
1025
779
1429
980
581
1566
2171
952
721
1232
914
914
1466
1591
1390
668
1423
1189
1296
2031
1306
949
658
1141
1000
825
1801
874
778
1716
759
900
1058
1329
1507
732
1214
1586
1165
1608
997
903
830
1023
556
828
1155
1221
1525
838
1030
828
940
1314
1186
2295
1107
815
642
1038
1307
1652
922
687
1348
1423
857
1312
754
1066
1554
1244
637
1355
1307
837
945
1344
629
1216
619
982
1057
1481
488
2212
1257
1209
984
770
1564
948
608
846
725
918
667
1409
1417
682
1147
1137
1181
1172
928
1711
765
1044
1255
970
1098
1319
1045
1083
830
1262
1014
1333
1013
1390
330
1120
900
916
1305
971
1161
954
1095
1659
962
728
1229
1168
1399
765
1074
1896
1121
973
1071
1317
833
880
2329
860
905
1358
857
1234
1178
1140
653
1597
1130
832
1535
1214
843
1279
1154
1286
1579
1089
1379
1382
429
1176
1555
731
853
1358
1136
1206
1361
880
639
1286
632
1156
1330
1356
784
737
1037
1021
938
1202
1036
703
960
885
893
709
833
1353
766
1276
1337
1316
845
921
810
1439
929
866
941
1784
950
1408
928
1098
585
1111
1057
898
906
534
897
1519
1379
1331
376
1269
1361
923
1002
965
1063
1013
1200
1071
1162
1079
728
937
1348
682
1911
1041
1096
1083
1049
945
1364
860
1148
769
1101
752
1057
871
870
995
626
908
1345
1088
1160
1074
1431
1068
732
1107
1042
970
1034
1009
1279
744
1507
1192
956
926
2413
981
1233
1334
957
878
1011
1234
782
986
1090
885
1122
1005
748
1103
1473
901
871
662
1127
919
848
820
899
1394
1714
531
1248
654
603
1347
2241
1114
1507
958
985
873
1655
1265
979
1089
704
1064
982
1722
1025
1181
906
965
815
1008
1153
920
1583
1153
534
812
695
701
1063
2038
1285
1001
987
1158
834
906
772
531
870
1045
1433
1038
616
1356
712
1028
848
1292
1126
1119
946
1556
1552
1236
1031
896
1091
1476
1307
1526
1201
1189
1184
1162
872
842
1241
1097
630
1204
624
1214
1057
1525
1376
1335
1116
1090
1102
1109
1600
921
1499
711
488
1130
1177
1034
1105
1187
1090
984
1363
726
964
1016
1507
1312
941
359
759
605
602
1331
974
972
865
1060
732
1765
1138
1384
1632
873
2032
797
957
926
733
818
1381
1267
1042
1268
570
880
1397
1219
1228
641
876
1421
1206
1241
1055
1207
1504
812
1149
1112
1607
895
1267
1318
998
1060
910
1142
1313
993
1279
1173
1071
619
1078
1022
1272
909
1052
1208
1610
1272
949
700
987
639
628
1092
664
857
1533
786
817
1036
689
915
733
750
1401
1248
1417
1189
705
992
1126
1508
1024
1639
859
1478
1480
1023
1210
1153
1693
653
833
1238
1570
1401
1084
1089
1305
1963
849
1242
798
1359
951
882
1129
1265
841
875
1093
878
1030
678
1299
1368
654
942
1467
875
1031
899
1226
1411
810
1346
1310
1519
1704
1146
883
404
739
1211
1253
897
919
1415
736
1333
1456
972
702
1725
1290
1240
1132
1219
760
1577
746
781
916
1400
1596
758
518
744
895
1007
874
1143
840
955
1808
994
1212
1067
740
818
822
1341
936
1083
929
710
1120
980
1092
1099
971
1379
1138
1128
1205
601
1134
1406
1122
1293
770
1108
1146
392
1117
1201
1416
1006
1170
599
807
1039
650
1391
849
1223
1311
1097
1158
1317
638
1037
701
749
1320
691
1007
1502
1103
868
769
1073
730
674
905
918
1665
537
1575
1231
1611
1048
928
1175
774
1046
1463
972
690
904
712
905
671
859
1047
1003
1684
472
869
1146
942
1279
1007
2103
1334
1154
901
1154
780
682
1345
917
1399
1356
1174
1361
631
681
1177
642
973
835
660
1476
1086
833
671
946
833
1064
1341
831
1349
1017
734
1415
747
1282
623
835
781
1291
1378
1067
785
1036
810
1006
1230
664
923
1208
1141
1117
1093
1175
934
1458
933
631
902
1734
1276
724
1154
1231
1069
1618
1164
1311
1358
956
532
807
616
1452
872
687
845
1554
995
1505
930
1209
1151
742
985
1275
833
1122
726
832
1106
1285
852
904
665
1402
692
856
1442
1091
1332
1073
683
1268
629
772
1067
1051
671
1124
891
994
1035
1193
773
1213
656
987
1168
1703
783
1250
1061
424
534
700
1001
928
885
1107
1210
996
1300
1177
771
741
866
1067
1299
880
985
987
814
940
1445
870
1407
841
699
1324
1023
699
605
1337
1319
803
1169
943
578
2352
1188
1054
739
1513
874
1087
864
1050
695
978
1432
875
875
1151
1132
1307
678
927
535
726
757
964
824
902
869
1309
731
1060
980
975
978
1036
987
607
937
691
744
2050
1049
913
599
983
1233
1140
764
577
849
1473
914
902
853
960
748
780
1148
1808
936
987
756
1055
996
1820
1010
772
1237
682
833
1366
500
1254
1195
831
979
1548
1070
1565
722
622
788
1344
813
1130
1230
757
712
984
757
858
843
710
1197
838
2130
1351
687
700
1297
919
1127
870
1247
1075
1172
1217
701
876
828
706
1000
1079
1349
1175
650
768
940
789
706
868
826
464
1089
752
1050
844
541
891
1105
954
946
955
688
701
708
1933
975
982
561
966
1221
915
864
1552
344
1018
920
670
878
678
1535
1415
817
995
587
1046
775
779
941
1500
778
1063
1012
1063
943
615
1554
1442
912
370
567
1277
553
1023
1533
674
1284
1175
645
789
872
738
1511
829
1313
745
696
1171
1522
710
1091
1609
913
1101
1061
891
892
901
1047
1088
1272
1093
935
670
939
688
1117
803
1014
485
769
1057
1304
1109
1323
1910
675
824
962
876
792
1133
1169
1314
799
725
875
1231
1096
1483
1440
1013
858
1272
940
1253
1046
1361
1338
893
951
495
1202
1744
1111
1287
984
1314
999
656
1409
1052
739
1423
1502
594
1249
1147
1049
1474
996
1445
842
1177
1063
1374
973
584
609
1264
1292
629
1130
953
750
1196
973
902
967
1044
1019
761
873
1342
1549
1021
1047
922
714
955
1290
651
958
1012
996
1088
769
951
313
2085
957
1111
891
923
958
620
1209
1087
1504
899
1216
824
920
842
887
1350
884
993
981
1078
442
1290
1025
994
985
1899
1146
598
1126
1018
724
543
1256
721
888
1071
1017
1544
915
1060
1581
608
835
820
1053
1101
937
1518
1068
1065
987
877
1010
890
915
1484
921
1006
737
990
988
640
988
1197
1169
1209
727
1294
1135
618
1016
906
1003
541
1350
1504
1257
904
1127
1400
651
1669
1036
798
1212
1248
784
1527
2260
753
789
654
809
812
901
1811
1071
940
707
1336
1015
1034
1015
1333
1476
1059
701
892
1311
554
1308
1573
1198
791
1231
1277
720
814
453
811
718
679
835
832
1251
1004
1124
1002
1303
1037
793
1058
1269
1282
1235
1010
911
657
1332
518
992
822
542
758
896
816
1277
941
1047
699
1033
1010
1074
929
731
1215
998
1289
832
1155
901
847
1225
1284
1090
883
983
1041
1051
870
555
1169
923
1245
1117
1036
944
1188
1079
1660
2022
1242
1292
799
731
751
1176
1203
915
1437
764
844
589
942
989
1267
1021
716
1021
986
1190
850
486
1062
1326
936
1005
972
1370
1166
989
596
994
588
707
1076
1004
627
1413
1062
637
1343
1222
1388
822
816
906
1557
1013
903
1006
1093
521
604
1057
862
590
983
750
1132
881
1212
855
1207
934
1200
793
779
901
773
1193
934
1422
830
357
1022
907
997
1414
1175
867
881
426
841
920
735
922
755
1280
1559
1294
899
837
884
764
1081
702
897
1089
1387
1074
2202
1040
905
971
808
748
1512
503
1842
1013
1198
1323
1242
1021
1446
872
1122
760
696
1112
745
907
633
1334
1346
1155
916
722
871
1308
1029
822
853
723
643
1423
1016
1293
933
919
1048
779
674
981
649
1561
853
504
1432
982
569
1308
580
742
823
806
789
994
1009
1144
715
728
1011
835
966
1108
792
723
1069
1255
795
941
686
1293
1164
643
1157
629
1024
1015
688
1194
670
704
850
902
1204
839
931
867
1208
942
725
1014
1313
1227
1078
560
1557
822
1042
515
945
760
886
1283
600
1198
799
552
886
908
1036
1349
977
729
872
917
1002
1053
1022
1517
416
1155
1420
1037
1025
876
1010
861
928
833
649
1459
618
885
604
296
1065
751
841
926
730
1137
1621
1355
645
1177
746
1031
977
517
958
1129
1328
794
602
1064
983
592
1210
1048
780
830
760
624
1058
704
629
677
906
853
816
797
638
962
1105
829
802
1404
789
1040
713
1051
712
1099
591
1027
1049
970
827
837
1155
945
1100
935
880
896
1150
925
878
934
1278
715
1112
734
1111
1068
837
965
963
858
1006
943
651
648
1205
1197
875
1057
655
939
760
678
968
667
848
538
903
900
933
937
791
1059
922
877
1601
781
761
846
820
597
1192
953
780
1205
1218
778
1377
497
1113
835
796
1161
1313
809
770
475
1149
862
855
897
1032
895
1226
742
879
994
727
1319
1112
1003
1288
1145
1290
1179
1601
972
1427
1032
1085
1110
1253
1103
1342
734
744
441
765
931
913
1051
878
697
1059
959
769
691
776
1409
770
544
1390
556
679
1100
755
977
1172
852
847
1138
865
1105
1003
791
586
790
1250
1203
881
438
809
741
1074
907
898
1051
656
848
771
768
962
826
838
1467
824
1284
659
564
771
919
867
1034
1006
1227
647
701
918
817
626
944
1029
1306
709
765
848
800
1404
1049
633
624
851
923
851
739
728
688
566
766
739
905
745
630
982
822
680
754
1369
1097
989
1234
831
1056
1051
521
1238
1209
1228
1529
1139
1226
767
992
1044
935
881
1091
1011
867
1227
786
647
1122
808
833
655
697
457
1267
987
828
1023
1204
1142
683
1490
1290
856
510
699
920
984
1073
850
1239
1093
778
798
1229
1404
490
851
874
901
318
812
1012
899
1192
414
1052
1166
647
1064
839
870
980
1309
973
776
1219
617
1011
1005
1052
843
633
916
1201
554
1144
963
846
846
1011
1079
939
791
873
1025
1064
1369
1089
341
961
1089
907
1190
575
1249
1477
692
1267
899
554
1074
791
1470
1285
817
886
604
1175
974
1246
824
767
566
1101
1465
1299
877
958
1361
921
640
1042
714
771
1093
1023
803
1282
896
829
897
941
768
577
1002
1232
796
626
845
848
957
1122
820
1097
790
1378
1140
1207
1217
748
756
953
867
843
1306
833
790
1138
969
789
778
930
761
1126
1018
1063
1193
1051
1128
1172
596
878
1090
775
747
1004
534
920
368
837
556
1377
1252
621
247
1340
736
790
705
789
1133
1049
1001
1652
1381
905
925
855
744
625
647
826
662
961
1116
1233
818
771
951
1178
758
1028
1127
562
602
736
1195
847
795
1191
1059
665
1066
1020
806
1191
932
1022
653
1446
923
793
897
1033
958
851
980
998
749
741
1147
1049
921
894
804
903
1218
899
1114
864
1225
1410
684
956
1393
2276
629
1702
1057
1082
1004
982
1157
1073
1051
1151
890
560
474
992
776
875
1245
1213
1275
582
820
898
1071
951
1037
838
596
1582
1223
1131
615
1245
663
1207
1542
1102
975
1169
1436
974
1569
814
1203
1505
869
914
1170
940
913
923
1046
993
791
1074
1178
1537
1069
1173
1620
838
1072
748
599
567
1088
949
1531
1169
1162
781
1167
417
1495
831
876
761
629
1161
1033
647
1216
718
966
880
792
953
1252
678
699
813
1142
1153
746
786
591
825
562
841
847
822
910
1066
697
918
400
1273
1024
831
855
1245
1277
1113
845
620
1168
1084
1034
867
1111
1518
1194
806
834
659
554
652
926
612
697
819
1006
723
704
882
705
1368
1213
1497
846
1235
580
1315
1079
1070
505
849
895
899
826
1068
1005
1194
867
848
955
766
981
947
541
580
875
777
792
876
857
1040
1043
1149
837
730
1123
820
809
802
966
674
770
1081
1550
800
1308
750
825
1145
907
949
563
1127
1422
722
1548
669
972
727
1039
865
668
947
881
1451
906
1185
584
863
1159
556
873
1208
864
1082
518
974
1076
714
831
803
715
974
868
867
844
800
844
968
798
753
657
899
1372
550
1205
1273
1365
836
823
607
880
1227
875
547
857
994
827
655
890
525
1008
1220
902
1203
801
940
1100
959
956
1153
1205
722
836
873
689
601
1226
816
1023
622
1105
1059
1061
1292
775
969
919
583
996
946
1033
742
1250
562
759
831
992
1028
1382
1157
831
1009
664
1027
1233
983
1168
971
880
1530
529
986
1114
773
1330
847
1351
1089
968
448
836
1005
975
838
1177
882
534
1046
826
862
867
791
879
953
750
534
1173
670
1144
898
1084
909
756
793
1530
843
746
831
1049
901
1514
633
1125
682
517
340
1153
1503
1405
1132
1289
493
1105
741
581
1086
1158
837
1340
586
1511
938
935
891
790
817
1285
1084
627
883
1273
1438
763
1020
952
762
815
1256
1064
1024
923
600
955
804
816
728
808
1087
1231
669
759
431
902
830
966
1254
850
461
683
977
877
990
936
1073
869
1100
848
564
786
485
899
826
953
975
1087
871
1304
379
914
556
561
903
691
1040
790
601
800
1302
587
726
1116
694
556
687
729
813
591
631
1293
859
833
722
850
1014
805
1184
849
958
1515
874
536
883
1533
783
1055
795
1133
597
1218
1031
675
757
835
929
874
790
919
954
702
787
984
708
1290
1305
687
580
872
881
939
893
823
1081
1204
591
1057
1150
947
603
1107
779
937
898
877
917
892
990
837
711
1059
1166
900
1225
839
817
744
942
917
830
841
1400
493
700
1012
872
952
1070
662
847
1152
888
717
1342
913
1506
1016
1168
706
814
1094
749
712
892
1013
1086
691
1026
991
678
1077
659
720
769
854
596
830
1178
978
1032
1119
746
775
847
944
1092
701
805
717
1032
903
857
976
881
554
1331
624
1271
1063
539
896
904
991
690
965
946
843
767
989
734
889
1266
966
578
1211
874
1223
950
784
1049
1057
815
709
575
923
1047
847
804
894
821
1284
958
1215
1257
663
1332
741
601
1309
620
695
986
548
894
713
1261
887
792
638
781
722
797
637
652
726
1534
879
636
894
1258
938
553
1100
703
1065
822
1056
911
1142
655
1037
1206
1021
1287
603
1047
968
1037
953
782
1466
1123
961
692
826
1498
843
813
684
758
1808
1118
843
1377
807
831
836
939
1256
573
1095
749
834
587
1103
630
868
1331
746
875
993
966
1067
1018
893
943
773
750
698
852
913
967
708
885
788
552
910
808
840
766
624
915
648
1072
614
851
994
652
941
1107
1080
828
658
1125
1089
943
908
1147
855
975
702
1513
803
732
1407
1073
1131
776
910
763
781
951
1336
915
716
1087
783
950
793
843
822
1010
892
360
1418
1164
1090
1085
749
596
993
1125
861
1964
1094
604
763
785
716
960
1121
973
800
918
913
955
1186
1009
2018
860
1016
932
856
997
608
844
832
894
926
878
1206
717
719
901
781
1232
975
1413
1159
1500
717
1031
1521
1069
887
875
1002
895
881
452
907
765
696
788
1081
1031
567
888
943
866
1523
921
1040
856
1018
1141
628
861
1005
719
1019
1276
1092
1024
1029
918
808
1075
820
1316
1010
595
1031
703
910
942
745
650
1172
964
610
604
925
861
873
837
672
1127
1296
862
645
676
761
821
1017
1149
928
930
1245
1050
992
847
896
914
1511
541
1167
1000
763
844
892
942
996
695
730
883
1135
636
894
876
893
580
773
880
851
1097
744
700
648
948
918
1012
668
885
595
903
561
813
896
1110
922
881
771
640
946
995
1419
802
766
937
1137
733
715
604
926
1149
1005
875
1363
1343
873
1601
1236
1201
541
853
848
963
702
1152
996
923
999
815
889
781
693
1506
878
1048
933
756
953
1052
894
495
672
973
1223
980
732
1043
855
836
737
1172
571
1246
856
1122
670
948
761
923
652
1083
1112
854
788
986
929
794
1006
948
1072
761
1554
765
1230
1119
896
847
1189
897
910
1142
878
585
798
1221
683
813
967
981
769
1039
1028
934
846
1140
737
953
1206
1461
1111
790
886
887
398
420
815
736
820
1363
1098
886
672
897
941
1187
1167
789
1143
802
958
791
494
1591
901
1118
907
525
1208
784
1378
593
1013
806
912
1137
849
1189
660
916
821
574
729
619
646
891
1061
1128
987
1003
1314
1334
772
878
571
1038
634
886
1158
1215
858
1201
1042
1207
1574
710
1156
547
1267
1059
1033
682
1037
350
869
1126
1065
522
823
1599
1170
1213
638
1171
1358
1137
1081
836
1023
1031
804
603
828
745
662
1238
808
841
834
485
790
376
1192
1109
1056
849
885
1093
874
861
835
582
1489
1135
733
996
1246
1065
697
1085
841
2092
1157
975
729
1135
575
749
902
1245
985
788
1220
820
1044
1432
1290
1011
654
933
1204
878
736
777
716
1135
1064
1274
785
878
894
939
839
739
876
722
875
1092
540
661
936
577
1029
551
996
1073
1128
914
777
721
832
1333
462
1113
672
855
1300
945
954
1363
749
853
1032
1055
927
929
820
1117
695
1910
681
1098
1082
954
1203
862
1242
1008
997
573
636
893
836
899
1204
672
856
910
1111
617
765
703
522
1131
861
902
935
732
867
616
792
1043
1173
510
948
871
936
876
661
623
979
1083
687
655
1033
997
804
842
969
1420
797
610
902
765
1191
1364
1045
723
923
1129
886
950
822
965
1112
564
971
874
1196
577
818
800
564
980
882
911
652
836
1271
674
768
1517
674
1379
1202
1099
897
929
1002
863
711
835
730
823
980
943
1153
934
458
1164
683
1155
573
675
596
1001
852
618
919
440
1267
873
1148
650
952
954
1287
999
1070
570
1107
660
1217
755
933
1118
839
1071
1118
888
997
1068
1138
821
614
1164
1271
843
686
802
1193
527
780
1056
878
923
777
617
663
514
521
440
676
905
1068
1167
760
1151
774
1108
944
942
1099
893
1112
1025
563
730
1088
908
709
1200
944
793
722
845
1356
861
1058
852
655
664
653
768
747
782
675
1048
812
841
1618
900
811
641
608
767
1169
593
735
916
797
931
831
1447
1200
1229
840
863
1475
745
1058
859
1028
1072
1129
799
1021
1005
1076
847
1038
654
891
509
812
972
982
851
694
990
686
1540
772
884
937
846
1108
532
1045
699
1341
1083
757
765
749
1150
1148
641
842
1030
827
895
693
977
897
980
784
727
936
1001
643
804
863
909
888
1104
1398
835
869
1142
764
806
814
588
894
1110
1192
1061
927
759
995
1036
729
774
1019
669
1010
775
891
821
535
692
897
638
1161
410
639
1037
947
435
972
841
919
552
821
649
1396
809
933
1024
860
609
758
1192
628
1008
764
723
576
1330
634
842
821
825
634
872
1279
839
1150
544
801
965
961
1387
719
1164
867
802
1051
786
756
1000
1072
1116
715
1228
976
926
887
1035
925
664
1032
775
758
780
887
886
715
886
746
1051
597
924
950
773
873
1123
1113
877
1252
847
1014
831
885
1117
637
1208
1160
881
967
986
1084
794
1197
673
990
1224
832
906
943
779
638
1373
880
794
792
826
867
627
898
766
676
823
1180
889
926
644
761
899
879
917
902
1030
610
1118
543
676
824
814
749
879
560
898
1045
907
1134
597
1141
702
1015
716
1111
984
1250
919
702
1106
1227
950
747
992
949
928
874
861
580
780
1005
997
1281
855
734
646
1004
761
920
806
942
671
1094
1009
830
1148
645
782
1147
739
1220
1186
788
650
1048
804
