1826
1924
1003
521
1988
1216
1017
1581
1917
1664
924
957
2082
2016
1367
1357
1356
925
1222
1257
874
913
1345
1934
1671
1525
1578
1418
1670
1305
1774
968
1040
1509
1283
1206
635
977
1258
1140
1567
1414
899
1914
1041
1116
1781
1333
1210
1356
1790
972
1273
571
657
878
965
1250
1005
1121
1174
1835
1379
1457
1170
905
1604
1209
1351
665
1448
604
683
1231
1036
868
1283
844
1009
1364
1523
554
1508
1848
2217
1256
1268
1162
1073
1056
896
1105
768
1027
703
961
999
1152
1320
1577
1448
743
1534
971
910
1259
938
1932
2001
1091
1357
1300
1040
1230
1199
1870
1245
1448
1262
1444
1024
1179
714
1151
1130
1192
1188
1098
1018
1218
980
1630
1713
454
1211
763
925
945
1925
1400
716
1444
1907
973
1322
1495
1128
972
1135
774
878
528
840
1075
1508
733
1210
1805
1794
907
1512
1237
1121
2218
1058
1229
1177
800
931
785
1207
1108
1102
641
886
1288
1659
998
1081
831
1065
795
720
1131
1258
1095
1073
830
1226
1300
1031
1076
1078
1359
729
1298
1098
1517
1449
874
1159
1342
1202
713
1325
1255
1263
1053
2522
904
926
747
1305
712
1291
1179
1014
1195
1568
465
950
1265
1291
990
764
1357
1225
1561
910
1289
836
861
955
667
392
1052
1031
775
947
1292
1470
1798
523
977
1241
1224
1081
1011
930
1269
1678
1021
1513
1052
1637
1080
1202
786
1501
928
1101
688
1066
1116
1025
801
1009
1357
1902
1424
1321
1322
1390
978
1403
1224
1342
1631
1340
1319
972
1181
1464
796
973
657
1239
949
897
1702
1202
1490
1212
1413
1195
1214
1782
725
1427
866
688
1013
1250
775
879
1109
1228
1010
908
1348
582
1142
1181
1503
1130
1196
1266
662
1194
716
945
1328
1039
844
1085
1171
1190
937
2
830
470
814
1615
715
908
1031
1048
940
1229
1357
969
865
966
1114
515
1505
1328
1216
783
1396
804
1600
1043
934
1000
1200
1799
1143
1208
1121
451
1348
626
1008
1440
1190
916
856
894
977
501
1821
1058
2042
641
402
914
953
1175
1067
1030
651
1556
1292
895
1178
678
983
1456
2031
682
1231
1804
974
1172
1773
607
1010
1429
1142
1142
1754
1502
530
1043
1083
1115
1107
1265
1077
630
1090
1430
1361
1143
1138
1200
1535
2312
959
1260
891
1101
901
1109
974
1443
1118
1250
953
1168
1076
1761
1508
932
592
602
2068
1150
973
1218
743
1442
1448
1323
1269
874
1300
1582
1365
673
1075
972
1831
1840
1326
1242
1408
1468
921
1160
609
1394
1005
1562
1158
970
1090
910
349
1404
1109
764
1689
706
772
1516
1294
1560
1999
1279
1232
999
442
1689
1633
859
1467
1133
1239
1075
1080
1010
1046
777
1186
1309
829
1562
1117
681
986
1401
1126
1034
935
1360
1204
1812
877
965
1175
1064
458
656
1027
1119
702
1012
1036
1410
1374
1539
1148
511
1091
692
808
1370
1012
1054
982
1178
1202
1056
1514
917
1198
1439
1549
1037
1528
888
1267
1392
916
1008
720
1245
779
1096
758
635
1340
728
1537
1226
874
952
725
536
1073
1090
765
1031
1145
917
1545
1385
295
1251
1713
944
837
1343
1206
974
1156
1266
1211
1258
1134
1075
1144
1147
1783
1400
650
740
951
1366
792
1351
1147
1509
1455
1309
671
1118
1153
1314
1416
1238
2184
1177
1005
470
861
821
930
1050
1405
2058
856
527
744
769
425
1227
1146
1090
792
1166
847
804
1512
2045
1396
1125
1229
1058
2314
1780
696
569
1088
1541
1319
873
1147
1103
1002
1263
1174
971
879
757
766
598
631
777
1066
1245
1495
1325
718
1309
1203
1444
943
1196
1282
1598
1682
1213
1019
1683
708
604
981
2035
798
1466
1169
1177
1035
692
1316
751
1173
1011
1071
1403
1671
1011
708
1810
1102
1409
1651
968
956
940
909
1002
1380
1659
1334
1417
487
2001
980
774
892
987
1143
980
1180
1314
1075
1165
1133
1326
1083
496
764
1047
883
1163
958
1396
971
614
767
1134
924
942
799
1050
887
749
971
1288
1167
512
1153
996
1574
1265
1528
1377
1211
1388
1644
1136
910
931
575
1311
1056
1185
1167
817
1501
922
797
1263
1576
1069
1573
600
1765
895
1162
698
1012
1191
1034
900
955
1038
996
1196
893
1210
554
966
546
1529
987
888
1257
1163
721
1511
1509
2203
953
728
994
843
489
942
1784
1372
1019
1026
1346
1439
892
923
1127
1210
1220
1113
1135
640
1216
783
943
918
1423
1123
1087
842
959
849
1681
1444
1473
1518
1045
1509
686
622
1801
1084
1254
937
975
1309
910
1131
1026
1051
866
1199
861
1068
1203
1155
2043
929
1122
1579
930
1316
1044
939
1000
1140
1326
704
683
1145
923
1415
1291
755
850
989
2185
1442
840
782
859
1154
1050
1017
1362
691
1182
1039
1600
1501
1515
957
1245
1518
638
886
1176
1171
895
825
1545
359
1248
1342
1162
831
2312
1422
820
1465
966
171
1135
992
834
959
600
406
905
1317
1211
1170
919
877
1127
1575
1793
1051
1373
1076
800
1299
875
965
1846
1152
1277
1505
981
1000
1079
713
1158
760
1797
1486
925
895
839
788
1079
1539
686
1038
1199
1283
837
963
926
1200
1297
986
894
986
953
919
1056
1770
1271
785
1440
1068
888
1037
1302
814
573
1212
811
1209
1098
1234
1858
1007
918
714
1269
1219
1036
1135
1526
744
1040
735
950
826
1125
1309
1163
637
1508
815
902
887
1284
921
1011
1111
879
931
1142
1424
1092
603
919
1832
1294
999
1009
1542
1163
1081
1222
964
386
1250
449
553
1184
1110
1106
1124
1470
1534
1295
372
1241
815
817
798
1334
1186
666
1602
664
1039
1517
807
688
1548
677
901
1172
1701
906
940
1013
777
903
1053
1060
900
1575
1343
1139
1415
736
827
1840
1030
1345
1319
1202
900
973
1429
1329
1284
1047
551
1200
1004
1497
1504
1500
343
1575
1088
1111
935
819
1269
1276
1160
979
1051
1032
1507
1068
1125
841
958
1807
1084
775
1578
1027
867
764
961
1095
1205
375
874
603
936
992
1376
877
858
1514
1318
945
1077
1118
761
1091
987
1042
961
1273
881
1478
725
870
1269
1323
845
454
1356
2425
1003
782
840
1357
1205
607
680
714
855
858
684
939
1027
766
934
1039
1114
1099
1340
821
529
968
1411
874
978
1232
1268
931
1109
1109
850
1530
990
1504
1180
1460
1798
885
1343
707
943
1453
973
924
1236
1106
836
1054
761
1546
618
875
866
955
1405
1193
1094
1146
1230
742
563
417
1128
1563
1008
856
758
952
854
733
485
1021
1075
1100
730
1021
997
665
1105
1008
647
826
769
946
1215
861
1135
1014
949
812
978
646
1211
846
959
728
617
1079
756
1176
186
1664
801
730
758
1111
1131
665
902
444
1177
952
962
626
1155
1251
565
746
662
1626
864
876
1219
1098
752
954
835
904
1091
1926
2000
1412
878
1008
1141
514
1008
737
942
545
669
1235
1146
989
482
726
1038
679
1058
833
873
1338
766
1141
1605
1235
1106
1180
1159
631
790
1146
1222
1191
962
1025
543
1015
859
672
1039
981
833
1163
814
1097
1006
1081
1040
875
1241
832
1047
1009
2046
1475
924
764
618
1053
1059
906
1083
623
759
1528
1098
1108
971
855
632
953
919
1098
642
908
950
1083
848
885
662
698
1191
970
728
1025
1078
1117
2057
418
625
1467
511
989
1412
1412
1008
1573
1176
1121
1937
1503
1365
1521
954
814
793
936
1673
1063
738
920
903
776
1116
1412
553
918
1403
814
806
721
1085
862
978
711
920
1112
1079
888
857
760
988
1179
1439
1072
1094
728
948
429
1221
805
306
1131
1499
832
994
1613
478
1057
735
1137
677
921
1280
1081
382
1023
970
1279
992
535
1037
975
954
679
757
1143
924
642
947
1224
1527
705
783
1002
1888
950
946
943
800
806
617
635
932
1542
919
1102
1681
882
1196
782
1063
1401
1051
1114
1142
1078
910
978
1221
824
755
1353
1156
798
520
653
931
1089
657
732
335
1068
965
1000
1239
1114
928
1803
1261
933
1314
799
281
740
950
1018
458
755
720
821
802
698
785
789
796
958
1048
725
834
701
944
938
1142
622
715
1004
1050
1306
1024
971
1080
627
936
921
637
784
1368
675
802
1492
783
467
558
893
1114
1022
597
857
954
1110
801
1188
936
864
1093
900
938
1284
959
1370
889
608
1302
889
707
907
934
1163
1211
912
728
834
1225
988
1031
883
919
1113
1216
752
907
1167
815
939
291
771
908
975
1017
1103
1309
1223
795
384
582
841
1265
533
775
1503
947
971
682
583
747
782
901
797
508
584
1002
1037
1379
934
1312
868
974
1066
995
1306
1460
722
1006
1056
864
1052
848
355
611
1245
717
730
558
1022
737
852
944
1514
1191
721
975
1508
1111
911
1051
940
1630
1850
1420
1292
1260
1329
1026
1011
759
1004
1121
965
913
938
910
1096
888
671
1153
798
982
781
1094
740
944
676
1055
632
1013
557
1218
1094
1230
857
778
843
749
1202
950
1020
726
1036
338
953
1243
789
690
768
944
777
528
1051
587
820
925
613
876
493
973
807
1834
672
1050
683
1043
1055
779
1288
742
1318
676
1299
884
1135
1266
1056
678
1065
1379
988
520
1791
516
1315
751
850
1128
916
1024
1373
1182
667
713
1507
830
1215
1917
864
2335
1601
1128
946
615
1518
673
1225
1188
1060
975
937
1510
826
1329
742
1385
868
1354
1345
357
880
845
736
1153
725
1080
448
1236
1405
905
852
1208
1216
983
828
1353
702
1099
1032
1259
751
1335
868
1102
951
2309
814
688
1424
906
1041
827
748
1037
602
1009
624
1189
1022
789
753
418
1074
685
1168
1308
938
1344
1309
909
1388
1771
770
549
1100
1186
1110
411
986
1169
1029
1519
1254
571
880
1251
1510
2017
860
906
1078
853
1401
733
882
775
761
803
571
745
1408
676
1338
783
1312
744
853
754
1074
884
1264
983
1182
1064
1200
1657
776
489
887
1213
781
1112
1267
653
961
1221
1010
1035
760
1509
700
1234
806
1694
605
1190
1242
739
666
997
1132
644
1161
576
993
604
944
966
1345
1251
648
686
525
1068
852
833
919
820
856
1447
741
1123
1498
1077
1027
1203
871
1058
933
967
2171
1268
813
798
602
843
1682
893
425
675
1164
423
341
1267
1040
1015
950
1256
770
1951
743
2013
1044
1333
1112
517
944
1150
1194
886
626
912
1259
857
935
864
1174
1092
912
970
2012
1070
1410
648
760
1280
698
1104
900
710
968
746
914
1639
1196
529
1399
1072
768
953
954
896
1240
972
1051
824
1179
1543
580
979
1313
944
1096
846
951
854
1153
756
952
627
825
1313
802
907
1308
1356
1044
915
1097
1092
1005
748
729
1056
539
1023
947
1013
1416
1061
874
768
731
621
983
720
886
1363
889
907
1054
1089
900
921
929
1199
1248
1028
636
1147
965
878
1022
1058
1178
1000
718
933
732
1441
620
823
1140
941
791
986
709
1128
1341
710
633
885
1428
891
926
820
851
1207
699
817
1087
938
506
1326
1300
925
1137
1057
1082
764
1480
1640
673
482
1319
979
1033
901
602
1902
1198
937
633
1101
550
507
1043
461
936
1084
716
738
879
674
873
598
962
870
926
1665
1233
950
1452
928
613
1365
905
1004
710
807
703
1391
453
367
1596
1063
448
915
1280
1059
738
730
698
752
803
588
881
1118
1802
967
729
1289
599
1093
1537
1016
1111
973
1203
649
711
520
630
721
2255
1078
921
900
1311
886
969
406
1523
1506
1600
1133
1057
595
892
829
1056
1235
807
1027
991
910
910
761
1086
643
645
1035
589
1285
932
670
996
1144
976
775
1039
1050
1751
1076
806
1297
811
939
832
870
852
1078
732
857
949
1354
973
951
825
882
842
933
907
671
834
1172
715
1232
587
1216
1039
1131
613
1194
1187
1505
902
773
1045
1133
641
1367
586
968
897
1201
657
741
870
680
711
1063
904
1003
857
918
814
936
1052
889
1326
1143
1223
783
470
1525
1163
1074
1193
284
942
1077
961
758
1178
1211
1197
556
1109
1028
1067
981
771
926
506
1363
990
1350
1039
1003
892
1228
1155
1027
662
475
1230
904
915
957
1089
1151
877
880
1073
676
1270
499
749
1365
709
737
830
644
1208
531
825
1212
814
1451
1040
1139
757
1021
797
1139
533
1041
996
979
1215
1404
1031
1816
618
1215
1299
1326
1000
918
917
632
954
1021
281
966
1243
1054
940
1032
917
844
639
753
1583
1017
1071
846
929
963
749
1212
1219
663
995
1057
1042
834
1032
879
1342
1394
1277
2306
899
1350
889
1050
973
1042
857
634
872
740
409
857
859
777
1163
932
745
855
1018
797
804
1154
1272
626
1225
1270
589
2062
1016
978
1435
649
476
649
692
777
1211
1018
654
1130
873
704
943
1609
1451
1378
1264
1257
739
1191
805
1410
1309
910
1411
1130
1053
946
747
1152
772
1293
740
587
1499
942
911
706
1379
550
1011
672
864
769
1047
866
787
996
1503
1124
820
1188
884
900
925
958
1053
761
1080
996
775
416
1967
608
500
991
830
1000
1248
1052
991
952
1174
1016
886
1283
1417
390
981
1117
1152
907
556
822
876
951
1176
1151
727
1538
1069
1131
744
763
1793
554
947
479
832
929
789
592
1106
758
913
1508
719
1460
1000
862
1238
640
527
612
934
1333
1055
548
1030
752
844
1111
1023
596
578
964
566
1516
502
572
1037
973
1201
1173
331
346
798
880
1025
887
921
1109
1438
522
799
928
1060
1508
820
881
1028
1654
793
1123
1233
1487
1028
686
1484
1047
173
760
970
1495
869
706
900
989
789
706
742
548
1242
724
914
1220
873
1052
967
1413
1594
750
1318
771
586
965
703
1372
1440
679
1367
970
1283
1064
1031
892
1094
766
855
1230
776
1537
827
1122
780
876
1045
1320
753
1261
1455
838
1078
793
1384
1238
882
826
1487
442
1189
1262
1121
870
626
1305
1292
1281
1128
610
679
1090
1016
1380
728
1034
1185
1363
540
771
1191
1258
1016
958
1304
946
1834
607
866
382
919
1057
1373
909
1000
733
721
823
1163
922
1177
588
782
831
1201
949
1261
898
1255
1526
1194
761
882
1235
1193
1186
944
1066
633
1211
1145
1026
646
688
1439
889
817
803
818
1217
708
1053
1600
1282
1030
1113
747
703
1025
1113
727
914
895
916
739
1078
630
659
902
1206
766
777
1027
1065
796
2171
984
1002
934
1257
918
1062
1368
841
901
2018
1329
1173
1322
724
1588
1276
1517
1045
1429
726
1315
1269
1150
1234
628
917
583
940
963
919
1093
1174
723
869
1200
729
1455
815
1079
586
989
726
788
1041
1037
835
597
1069
930
812
1242
861
1161
827
1349
999
869
704
923
1362
1104
966
866
2309
917
1015
1075
608
932
567
1639
950
1111
960
789
1213
1287
1266
796
1075
1222
1016
618
949
747
1265
806
1208
850
753
1080
1052
1447
807
1039
929
808
1204
1348
727
1090
944
1050
1046
1347
994
890
1139
1155
754
1110
1342
840
662
1397
1540
577
1588
1300
611
916
989
1512
1214
1153
1246
1223
625
404
1067
1530
915
941
681
735
1055
905
825
1057
1019
1070
1188
887
1009
1001
959
1158
490
718
1317
890
843
1135
854
923
1270
1157
857
830
1399
989
1303
778
933
947
1214
1087
904
865
1298
869
890
1161
1307
940
1053
934
841
1798
954
971
1009
877
1166
934
693
1056
875
432
1437
622
1024
760
947
1111
1136
1108
1115
1078
518
901
1035
814
940
872
1103
909
847
485
983
909
759
937
760
869
1351
1156
1288
855
962
1221
1115
851
953
857
1377
960
967
610
1058
781
959
1473
775
1236
908
959
1307
1249
1014
869
835
1017
886
1339
1809
1693
537
701
604
720
663
761
1219
882
884
1187
984
996
1172
526
1326
918
965
859
628
890
610
1308
935
1283
1279
839
885
793
1041
1009
539
762
1376
893
957
1226
788
1135
1103
722
780
978
1123
681
1086
1249
924
1717
1047
944
906
718
1269
816
940
1037
1518
1118
1068
988
901
938
893
1135
1080
1224
551
1348
939
873
871
883
569
842
1031
724
807
927
607
582
773
797
1074
809
883
842
837
731
1037
1018
1091
1052
1117
1462
1199
975
1216
1524
939
721
556
1286
955
982
1302
702
1007
1122
644
755
552
769
923
676
1038
1010
1212
762
635
1175
1132
836
627
1121
969
1020
1369
1020
1310
527
864
1205
1162
1326
1143
1096
1008
788
1041
1235
812
892
700
879
972
862
557
1014
850
554
659
784
779
1015
1446
676
709
326
950
743
1205
808
746
1023
1199
517
749
974
730
603
462
902
649
694
814
732
991
1188
902
812
1507
1167
1120
871
1017
836
1146
1204
945
1332
412
643
558
513
1246
1115
1186
565
464
938
523
1373
724
1025
820
1225
1443
679
788
421
898
1608
1255
756
545
590
1053
773
737
876
1003
850
1139
824
1201
1184
1070
792
1127
955
354
809
745
884
1033
1012
754
1112
1114
1221
817
634
1058
1054
915
896
1043
553
762
981
901
548
795
1093
1054
901
748
735
799
1624
488
1140
770
1680
380
1037
1320
424
1151
1099
985
1333
911
598
692
1104
1607
891
1058
564
1035
899
868
977
880
1189
798
647
875
717
922
1234
829
890
685
720
1137
935
907
918
591
1200
794
1274
1702
1043
1015
1027
960
845
660
731
624
1127
958
865
1084
522
524
820
1315
731
545
810
1512
511
1019
808
1122
1301
908
1028
856
863
1127
1184
784
926
710
854
1226
1101
1463
1045
997
309
1142
636
593
644
1346
729
711
903
777
632
959
930
611
589
802
767
969
1173
819
784
799
807
854
905
651
1046
1151
671
825
864
877
1064
348
806
1147
940
805
890
956
1123
1548
868
967
659
818
1208
855
1065
801
519
640
935
404
833
1618
1040
1188
531
1132
637
898
345
863
929
823
956
1039
1392
908
1112
663
751
1291
739
1179
763
907
1117
937
690
997
1322
1110
832
640
1061
1101
776
889
1006
810
863
736
949
599
1403
1005
1122
729
878
795
902
577
1290
632
1360
1094
616
768
876
1137
1209
671
1247
747
1290
769
1121
1006
1217
697
745
524
710
888
1259
1234
557
636
863
402
859
1179
1136
845
1036
1310
525
973
922
1262
802
1155
954
332
1082
1187
1181
800
873
897
726
633
796
782
737
1161
878
506
359
985
836
1114
585
1034
473
965
1144
879
659
1283
868
980
1082
706
801
1028
899
789
748
1016
811
956
749
641
803
831
1214
1000
253
862
960
964
1041
1018
971
646
941
891
782
812
943
913
1162
1290
1184
628
932
665
936
826
1434
1236
1376
961
756
1109
689
1360
888
834
855
579
832
654
703
603
817
979
762
820
888
899
869
993
610
1094
807
847
618
459
888
623
1093
827
933
736
1020
792
835
378
345
835
684
853
626
1050
1115
859
941
1141
824
532
879
836
1243
856
544
882
688
817
756
892
1115
755
850
692
915
717
1444
688
614
905
740
505
845
1048
715
800
1049
1499
1076
891
700
899
781
837
666
1063
654
869
797
1198
778
860
967
461
603
845
907
1022
1031
1157
783
866
625
553
691
703
837
680
1251
684
1275
779
732
990
391
804
1162
980
607
1077
1816
674
763
1256
695
662
1105
658
957
978
752
989
954
1129
1400
935
1141
669
1042
690
1088
1009
1278
1016
726
496
594
1008
679
987
1043
1039
674
717
736
1117
852
1082
869
641
970
1067
1080
1211
937
1157
1144
922
1168
1062
654
909
608
626
1119
1153
808
931
903
1113
936
915
588
925
1623
804
1380
1050
1095
884
877
740
700
835
866
1429
1064
798
983
649
932
959
689
878
1064
900
1561
1580
1131
574
577
623
839
1151
909
812
811
1150
472
887
639
602
725
993
1220
927
966
1062
1038
852
907
732
761
885
764
637
817
643
913
693
1722
777
913
1009
734
822
1134
1225
708
900
983
691
451
817
941
863
657
772
700
845
861
577
920
749
832
1090
869
587
1047
1046
703
751
1150
983
1060
749
486
806
1064
647
893
966
547
905
987
933
673
951
881
1067
781
894
767
337
1214
1198
833
706
913
656
872
782
692
952
678
1200
1043
1094
1024
613
558
683
913
1136
1150
844
752
893
1189
924
838
672
1254
860
659
1010
903
992
634
874
1068
527
708
846
674
902
556
755
663
1038
955
682
470
953
641
978
997
371
952
447
641
761
1314
1099
1088
539
922
561
693
1073
826
920
969
958
703
832
649
1218
1265
623
857
741
1016
1199
1107
825
604
1176
647
1078
988
1013
1507
911
611
805
733
1101
632
1036
909
724
994
614
1066
1202
1106
744
1091
929
761
579
866
1085
927
837
761
1169
934
926
1059
595
694
899
929
613
432
941
900
553
750
607
1310
952
618
745
645
913
710
929
912
896
1303
819
851
771
744
568
677
890
764
835
1016
940
918
747
1192
908
1503
733
665
1151
677
611
1053
831
1103
910
589
1079
1085
798
981
1412
1032
697
1071
450
777
993
799
1253
880
938
449
928
556
1039
1122
701
886
1095
1005
269
713
896
1317
1176
854
784
679
407
656
533
1017
1155
899
991
660
578
828
645
923
853
894
636
1259
736
899
869
1165
1305
1119
1510
809
1178
589
972
899
950
424
775
1352
591
886
672
989
749
776
819
540
891
892
643
729
536
913
1053
788
832
639
845
811
872
1142
745
886
519
695
1000
959
868
1280
815
1228
647
1046
715
1372
901
721
1139
916
1501
878
1345
821
789
1056
871
930
136
603
483
522
847
1178
837
902
700
786
1339
967
848
942
1420
748
1083
889
1070
774
894
786
928
872
990
875
831
718
1341
712
858
1479
1223
907
594
609
781
614
1091
1203
931
925
762
647
693
630
838
657
495
946
1076
1501
1336
874
933
1084
1030
1252
1231
944
1128
710
1324
1234
1243
829
799
740
922
804
1347
883
1083
745
427
867
845
1618
707
985
747
992
704
920
930
1029
707
1052
962
715
775
690
805
1003
915
1115
730
672
1095
1006
534
701
1098
1318
865
1032
832
1022
505
827
1226
811
1310
560
953
695
1016
745
631
629
1314
828
837
860
587
688
706
577
981
578
715
809
800
1034
924
555
1293
1027
740
837
1071
976
743
944
931
1087
724
693
1072
1050
612
763
711
515
670
692
486
776
508
661
602
558
547
624
821
745
1138
1249
720
750
662
909
669
567
1015
906
582
778
847
914
691
936
1255
708
969
765
873
919
771
623
977
870
804
609
669
1040
715
853
771
809
624
688
660
780
852
921
814
864
952
694
836
847
804
1131
713
538
857
682
678
794
1190
577
858
1370
924
583
1006
844
586
1435
1008
856
650
717
743
728
611
862
969
982
840
705
803
865
1046
800
1011
571
1100
943
861
1259
401
1022
855
1204
865
889
470
859
968
903
1022
755
1057
1236
857
1004
795
1167
1305
792
894
651
949
1403
716
635
530
783
784
1141
799
666
840
840
877
894
891
1184
1260
609
867
1237
960
886
704
941
715
739
1012
570
621
962
786
843
735
798
859
848
841
688
847
928
1177
868
822
892
1071
860
865
721
590
757
1331
1127
832
491
1045
787
1460
1040
853
759
577
1811
931
604
865
1114
907
958
1247
1232
404
1037
1094
811
873
617
857
1070
832
688
693
804
937
927
759
799
888
937
778
584
785
814
976
798
881
808
1239
987
772
726
1265
884
777
897
1356
979
1045
617
1053
842
960
962
918
674
702
651
1004
510
714
857
818
699
820
570
1084
620
833
903
615
856
857
907
674
876
899
737
895
842
937
1149
1068
1359
950
852
804
890
1100
1199
864
791
1000
1121
584
1547
913
1206
991
586
915
656
1183
932
1319
1505
867
951
620
1059
1455
1111
1072
898
742
986
770
867
587
825
887
972
919
762
902
880
770
888
859
825
841
776
814
930
831
772
519
823
732
757
676
794
866
1018
803
758
963
964
1032
810
696
997
986
772
1246
949
924
965
826
620
1041
850
716
996
827
746
1072
1007
726
852
983
1122
1003
711
899
842
824
921
735
812
743
895
1094
843
738
827
773
1019
481
640
839
919
797
925
620
755
498
794
1179
481
496
800
915
501
866
1212
747
702
729
1042
838
908
734
917
913
972
719
799
805
633
1232
816
876
946
803
828
838
1304
685
581
1332
608
925
522
784
862
1103
635
1051
1039
650
875
803
1158
1023
879
791
1046
857
845
905
688
657
788
927
1304
1152
925
650
905
805
584
606
728
520
911
618
871
980
607
653
1166
698
640
775
995
658
1072
585
1057
1203
835
767
790
1134
1003
1254
1115
1082
1033
1251
782
1072
794
1627
864
911
988
600
912
482
760
1087
862
1053
1106
894
1070
830
768
751
903
695
538
551
885
749
978
1117
1502
687
668
769
314
615
874
1127
815
908
904
900
614
905
1069
870
1205
1139
676
965
869
901
878
799
782
826
560
798
861
942
787
933
709
892
715
1208
876
961
742
1110
917
667
794
787
1293
811
748
666
772
528
725
1242
1230
819
760
1251
760
993
1188
1140
850
711
955
1294
737
669
758
880
909
988
667
931
953
869
1074
880
1132
863
622
610
1007
587
662
827
928
926
789
858
766
860
815
1119
1251
934
334
1006
1020
861
537
659
1069
730
680
884
814
588
753
685
667
1011
835
727
1254
899
739
1000
932
904
891
923
908
706
734
835
792
970
842
944
787
913
651
1008
729
882
893
824
596
688
903
1136
1634
836
802
947
629
537
876
1308
764
758
1188
943
704
337
939
710
976
735
419
969
1036
909
732
931
689
730
1013
1408
848
781
1061
552
328
661
590
775
713
1088
735
809
945
947
829
1024
790
654
532
1208
761
950
922
629
1180
996
647
767
684
725
837
717
776
931
860
720
495
927
862
970
653
862
797
945
625
797
896
500
1009
1757
823
866
954
780
1172
694
638
672
852
1024
789
1020
585
541
1077
672
1047
920
1077
515
771
882
1135
1455
993
951
1026
982
1071
832
1051
1028
977
904
887
957
829
860
658
1037
800
835
889
1100
692
1311
1263
925
1076
641
749
871
695
766
896
1144
560
858
1093
708
610
770
804
813
927
1063
997
636
612
826
821
917
855
1075
920
509
1034
787
927
847
827
684
951
627
1004
734
1050
685
841
818
1090
761
560
992
995
702
618
895
1142
722
981
745
656
848
778
937
1119
827
1047
882
918
1227
560
924
1084
933
982
905
754
678
1029
1195
734
782
1168
904
1019
791
922
901
1163
712
743
1158
873
723
640
800
714
559
887
789
1071
818
848
621
667
624
1039
995
1129
823
557
568
1038
801
920
812
1118
1241
1036
1170
589
855
566
920
994
877
1233
1254
786
792
669
751
843
569
890
1053
518
907
378
494
808
955
828
763
580
1126
739
994
564
1325
877
930
882
832
758
777
745
797
998
583
1156
1050
962
899
580
1002
976
884
876
457
771
608
849
1015
857
672
1050
916
615
682
1111
834
885
642
985
773
693
847
808
1742
1103
817
718
701
1034
553
1061
440
597
882
788
1037
767
718
953
547
915
1242
736
1030
918
546
891
757
602
1447
771
847
1501
1110
574
929
913
991
757
783
856
833
846
723
701
675
813
1169
553
508
930
947
1080
565
532
1023
597
1205
905
1019
605
1036
730
929
725
1017
760
686
684
974
620
681
919
1084
636
672
649
230
392
1000
792
621
928
716
874
567
1450
630
648
767
1060
1086
1252
1228
853
742
456
753
828
1182
907
962
713
1044
514
804
855
857
1016
746
755
998
853
1116
1662
831
883
563
771
887
654
741
932
987
903
609
964
1266
432
1507
365
834
1212
797
531
1276
809
773
609
768
820
744
996
987
585
951
1006
830
465
1314
905
878
983
875
828
689
1037
852
1005
897
837
735
909
949
1092
1272
536
898
736
648
564
449
400
1074
1154
1524
1080
867
851
698
894
830
833
950
811
874
756
588
606
1006
844
940
1206
956
760
783
830
1112
853
933
908
902
1045
1313
664
818
630
757
822
1122
575
927
948
851
692
820
943
1247
384
770
947
869
880
813
1105
1069
632
893
735
918
716
1433
774
1016
693
635
975
918
564
581
855
880
902
764
900
947
917
899
709
724
990
770
1030
540
961
846
873
874
629
784
843
1105
1338
869
796
779
852
793
1307
940
636
789
915
804
969
1041
862
849
742
1188
795
655
820
514
667
621
994
673
569
711
788
846
726
630
907
1100
686
744
935
823
998
457
803
848
854
999
833
1058
1075
861
748
1061
947
900
683
752
460
785
1031
861
952
616
855
676
606
1123
952
770
676
746
789
899
930
890
852
1130
865
904
1065
517
595
802
976
882
988
951
868
589
770
471
635
940
1373
